226.742298
229.350762
230.323826
230.565024
231.349370
231.758396
232.101522
232.698460
233.280765
233.571918
234.032009
234.650242
235.056240
234.950679
235.552764
235.962598
236.773485
237.308257
237.481939
238.276982
238.551786
239.195551
239.539989
240.156808
240.888575
240.908658
241.900897
242.019074
242.002927
242.632260
243.322448
243.969644
244.727852
244.676383
246.162825
246.353260
247.065650
247.819417
248.914292
248.794904
250.037222
250.167812
250.876670
251.892020
252.572923
253.132622
254.154936
254.488273
255.640470
256.131644
257.087452
258.261347
259.305862
259.625676
260.703697
261.275002
262.798280
263.676480
264.910422
265.585775
267.629090
268.036602
269.558770
270.361887
271.453935
272.885982
274.025261
276.174542
277.325931
278.391035
280.513067
281.362607
282.950271
285.426026
287.044369
288.824487
290.735800
293.079754
295.182813
297.420903
299.952668
302.430543
305.114494
307.619112
310.326074
313.749865
315.845861
319.328791
322.466779
326.021060
329.657994
334.027300
338.040562
342.079457
346.981517
350.865299
356.256515
361.258888
366.677251
372.175240
377.652742
385.312727
391.538546
399.843507
408.711296
418.005166
428.265743
440.857357
454.327676
469.454587
488.348315
507.432377
530.124006
553.692018
577.343491
599.933998
617.987067
630.215876
632.847349
620.362206
592.107496
549.396787
492.300319
425.835705
351.817474
277.714673
210.603367
153.210498
106.894040
71.783976
47.078501
30.198519
19.312544
12.646615
8.704905
6.385978
4.838783
3.917086
3.103373
2.543371
2.182584
1.833403
1.489974
1.303475
1.049966
0.862457
0.656178
0.516606
0.421439
0.309823
0.226867
0.143709
0.106066
0.054496
0.049551
0.029973
0.020588
0.013725
0.014835
0.018165
0.012716
0.005752
0.005853
0.005349
0.005147
0.005349
0.003431
0.000908
0.004945
0.002725
0.004239
0.006156
0.003633
0.001009
0.001009
0.000807
0.001514
0.000606
0.000706
0.001211
0.001110
0.000908
0.001312
0.000807
0.001211
0.001110
0.001009
0.001110
0.001211
0.000908
0.001211
0.001009
0.001615
0.000807
0.000807
0.001615
0.001917
0.001110
0.001211
0.001211
0.002018
0.001110
0.001716
0.001312
0.001917
0.001413
0.001110
0.002523
0.001615
0.002321
0.002321
0.002321
0.003229
0.002927
0.001312
0.001312
0.000908
0.001312
0.001413
0.002018
0.001009
0.001615
0.003028
0.003330
0.000505
0.001110
0.000202
0.000404
0.001413
0.000101
0.001312
0.000807
0.000000
0.000908
0.002220
0.000000
0.002523
0.002927
0.000000
0.000000
0.000000
0.000000
0.000000
0.000000
0.000000
0.000000
0.000000
0.000000
0.000000
0.000000
0.000000
0.000000
0.000000
0.000000
0.000000
0.000000
0.000000
0.000000
0.000000
0.000000
0.000000
0.000000
0.000000
0.000000
0.000000
0.000000
0.000000
0.000000
0.000000
0.000000
0.000000
0.000000
0.000000
0.000000
0.000000
0.000000
0.000000
0.000000
0.000000
0.000000
0.000000
0.000000
0.000000
0.000000
0.000000
0.000000
0.000000
0.000000
