230.933508
234.365549
234.621872
235.669713
236.333020
236.783855
237.341213
237.803035
237.938027
238.482297
238.634295
239.471956
240.049950
240.642942
241.098745
241.182722
241.850137
242.003473
242.959885
243.506925
243.329323
244.730934
245.200399
245.460830
246.352469
247.008229
247.514762
248.061897
248.832492
250.089652
249.910617
250.754297
250.928364
252.007254
252.404302
253.383930
254.067300
255.564255
255.296372
256.630534
257.153977
257.962786
259.142657
259.455538
260.327019
261.718216
262.331558
263.436721
264.426571
265.206814
266.548142
267.558723
268.861454
270.371594
271.644231
273.016703
274.123012
275.669551
276.863562
278.473537
280.292067
281.732752
283.539245
285.308193
286.938517
288.984806
290.607774
292.284433
294.596599
297.123148
299.439804
301.591851
304.581273
306.678482
309.842353
312.070829
315.672924
319.079265
322.398477
325.495473
329.308989
333.190050
337.201517
342.129653
346.115421
351.095434
356.308459
361.837901
367.966927
374.339092
381.166487
388.775368
396.654998
405.303217
414.298423
424.716448
436.030985
448.170477
463.483679
478.751980
497.778767
518.145545
540.188218
564.606111
587.091785
607.654316
622.944399
630.518982
627.719678
611.311536
580.677679
536.475206
481.112200
417.409462
347.896406
280.135101
217.622553
160.830613
113.966407
76.965257
49.102522
30.308460
18.159320
9.946173
5.553803
2.899618
1.501637
0.790562
0.406984
0.185340
0.105090
0.065824
0.039074
0.024744
0.017197
0.017865
0.009363
0.008407
0.004681
0.001624
0.004299
0.003057
0.003248
0.002962
0.005637
0.002388
0.006401
0.003153
0.002006
0.002293
0.002962
0.004204
0.002388
0.003917
0.004777
0.002293
0.002675
0.002293
0.004586
0.000382
0.002484
0.001146
0.001720
0.001529
0.001815
0.001529
0.001815
0.002675
0.003248
0.000669
0.000669
0.000764
0.000669
0.000573
0.000573
0.001051
0.000382
0.000955
0.000764
0.000573
0.000478
0.000764
0.001051
0.000860
0.000382
0.000764
0.000669
0.001242
0.000382
0.001529
0.000860
0.000860
0.001242
0.000573
0.000478
0.001529
0.001624
0.000669
0.001720
0.001433
0.000860
0.002293
0.002006
0.002866
0.000096
0.000669
0.000382
0.000382
0.000382
0.000382
0.000382
0.000382
0.000382
0.000382
0.000382
0.000382
0.000478
0.000573
0.000287
0.000478
0.000573
0.000382
0.000478
0.000573
0.000573
0.000764
0.000478
0.000287
0.000573
0.001051
0.000573
0.000000
0.001242
0.000287
0.001146
0.000382
0.000955
0.000860
0.001051
0.001051
0.000000
0.002675
0.001146
0.003057
0.000000
0.000000
0.000000
0.000000
0.000000
0.000000
0.000000
0.000000
0.000000
0.000000
0.000000
0.000000
0.000000
0.000000
0.000000
0.000000
0.000000
0.000000
0.000000
0.000000
0.000000
0.000000
0.000000
0.000000
0.000000
0.000000
0.000000
0.000000
0.000000
0.000000
0.000000
0.000000
0.000000
0.000000
0.000000
0.000000
0.000000
0.000000
0.000000
0.000000
0.000000
0.000000
0.000000
0.000000
