227.770581
231.596007
232.000525
232.581816
233.597208
234.168672
234.077983
234.627441
235.604141
235.138003
235.910191
236.163937
236.545732
237.002965
237.750690
237.678528
238.278346
239.118807
239.051353
239.718113
239.825998
240.709246
241.702016
242.095480
242.174705
242.962145
243.103501
244.089209
245.042673
245.065704
245.613524
246.146195
247.166704
247.145516
247.836125
248.669524
249.226147
249.660042
251.042694
251.428174
251.800655
252.315106
253.144820
253.923764
254.229917
255.009578
256.132547
257.200960
258.211131
258.418406
259.601050
260.784820
261.256486
262.637091
263.198831
264.339304
265.106989
266.155647
267.140433
268.572012
269.147980
270.557142
272.257206
272.750572
275.053524
275.694592
278.253747
279.461059
281.227963
283.027314
284.404438
286.539626
287.848580
290.307935
292.063375
293.767738
296.281650
298.747352
300.627156
303.701274
306.264932
309.136585
311.632687
314.915410
318.175512
321.024749
324.681796
328.100041
332.262224
335.927868
339.919727
344.728608
349.586313
354.635326
359.718117
364.882487
371.436162
378.000891
385.778666
393.827381
402.035776
412.556949
422.641872
435.975638
448.956883
464.856354
482.437874
501.984258
523.645563
546.245286
570.955938
592.591142
611.477726
623.266808
629.916085
623.442659
604.039166
572.365203
530.211828
475.699853
414.306963
348.424448
285.151345
225.438559
173.234654
128.207681
92.752614
65.240936
44.768826
29.792419
19.068475
11.789900
7.328627
4.422377
2.690889
1.599139
0.916513
0.525608
0.272477
0.154970
0.108602
0.057320
0.030707
0.033676
0.018117
0.016275
0.019960
0.015047
0.009724
0.013818
0.010133
0.011976
0.011157
0.012897
0.005732
0.005016
0.006756
0.008496
0.003071
0.006551
0.004811
0.008496
0.009929
0.004811
0.004504
0.006960
0.003275
0.004504
0.003992
0.005220
0.002764
0.003480
0.003071
0.003583
0.004913
0.006244
0.002252
0.000819
0.001126
0.001024
0.001126
0.001433
0.001740
0.001024
0.000819
0.001638
0.002559
0.000614
0.002047
0.001638
0.001842
0.002047
0.003071
0.000102
0.000614
0.000307
0.000102
0.000614
0.000409
0.000102
0.000512
0.000000
0.000000
0.000000
0.000000
0.000000
0.000000
0.000000
0.000000
0.000000
0.000000
0.000000
0.000000
0.000000
0.000000
0.000000
0.000000
0.000000
0.000000
0.000000
0.000000
0.000000
0.000000
0.000000
0.000000
0.000000
0.000000
0.000000
0.000000
0.000000
0.000000
0.000000
0.000000
0.000000
0.000000
0.000000
0.000000
0.000000
0.000000
0.000000
0.000000
0.000000
0.000000
0.000000
0.000000
0.000000
0.000000
0.000000
0.000000
0.000000
0.000000
0.000000
0.000000
0.000000
0.000000
0.000000
0.000000
0.000000
0.000000
0.000000
0.000000
0.000000
0.000000
0.000000
0.000000
0.000000
0.000000
0.000000
0.000000
0.000000
0.000000
0.000000
0.000000
0.000000
0.000000
0.000000
0.000000
0.000000
0.000000
0.000000
0.000000
0.000000
0.000000
0.000000
0.000000
0.000000
0.000000
0.000000
