218.542719
221.290085
221.726180
222.331356
222.981772
223.513276
223.455652
224.843551
225.215578
225.632466
225.861697
225.861065
226.730224
226.964636
227.631227
228.204811
228.820349
228.856617
229.409224
230.077079
230.235544
231.495811
230.799903
231.637596
232.071544
231.722263
232.252755
233.100558
233.280253
233.690190
234.435761
234.610023
235.072782
235.315787
235.849060
236.152090
236.070583
236.671715
237.230514
237.337927
237.910879
237.886996
238.562685
238.323218
238.979699
239.921140
240.143169
240.981494
241.385745
241.410260
242.202081
243.146303
243.588969
243.634841
244.450040
245.300370
246.051880
245.895058
246.754991
247.628194
247.660670
248.348491
249.752060
249.799700
249.911031
250.901123
251.601960
251.946944
252.988595
253.054054
254.238753
256.033683
256.519821
257.538472
258.464876
259.718319
260.258163
260.930567
261.590966
263.175240
263.854594
265.056227
265.272190
266.700147
267.759111
269.076370
270.696280
271.940120
273.494319
274.157877
275.413974
276.754359
278.242089
280.422062
281.673483
283.350638
285.090978
286.960717
289.220808
290.648639
292.799674
295.354960
296.862529
299.948813
302.412482
304.848856
307.197404
309.756986
313.137329
316.216662
319.381547
322.556415
326.081954
330.182467
334.370679
338.325490
342.707424
347.536448
352.830759
358.645453
364.001052
371.144884
377.333880
385.169070
393.096636
402.124614
411.901448
422.575747
434.020890
447.315934
460.303398
474.943122
490.881025
505.923484
520.741893
535.361146
546.860754
555.352047
559.030744
558.189639
550.873315
537.588128
517.891538
491.360970
460.581407
426.258487
386.123906
345.748847
303.087414
260.181963
219.917223
181.151839
146.901834
116.398637
90.855129
70.506102
52.810421
38.750599
28.213789
20.567391
14.764071
10.422953
7.394672
5.380115
4.002704
3.080724
2.518007
2.071044
1.780777
1.537898
1.311952
1.140218
1.017388
0.909344
0.798645
0.693381
0.587232
0.511032
0.487401
0.403746
0.367731
0.345869
0.295195
0.249071
0.236434
0.202568
0.174640
0.153916
0.127758
0.097430
0.103622
0.094650
0.063942
0.056360
0.042081
0.042081
0.042207
0.033488
0.026916
0.025779
0.021988
0.023884
0.023884
0.019461
0.017692
0.019966
0.020345
0.021230
0.017565
0.020093
0.018450
0.017439
0.014659
0.015291
0.013395
0.016933
0.013016
0.012384
0.009730
0.013395
0.009478
0.009225
0.009857
0.009225
0.010489
0.007077
0.009857
0.006445
0.010741
0.007456
0.008593
0.008088
0.005939
0.010109
0.006066
0.008467
0.007961
0.008719
0.009604
0.009604
0.012258
0.008719
0.009730
0.010994
0.011499
0.008846
0.013269
0.009730
0.008593
0.011499
0.011499
0.011499
0.009604
0.006950
0.005307
0.008088
0.006445
0.003538
0.004044
0.004044
0.003791
0.006698
0.004423
0.008719
0.006824
0.004928
0.007961
0.000253
0.000000
0.001137
0.001137
0.002401
0.000000
0.000000
0.001516
0.001137
0.000000
0.002780
0.002654
0.000000
0.000505
0.001011
0.002022
0.000000
0.000000
0.001390
0.000885
0.000632
