218.236455
220.201703
221.212652
221.600360
221.849931
222.648813
223.257130
223.821560
224.475727
224.768398
225.743315
225.669681
225.685291
225.985915
226.763885
227.610580
227.753332
228.154688
228.891913
229.217573
229.560708
229.938108
230.815042
230.829573
231.622662
231.708569
232.236771
233.047042
232.838117
233.368480
233.874887
233.942827
234.164122
234.601411
235.049500
236.057110
236.037965
236.574120
236.458760
236.343498
237.286310
237.370842
237.942636
238.656986
238.561066
239.188331
239.386161
239.667149
240.352046
241.284942
241.585468
241.917214
242.221667
242.837249
243.367317
243.876375
244.439038
245.039108
245.782126
246.320736
246.538497
247.481211
247.374294
248.137635
248.923852
249.667067
250.270278
251.176175
251.592650
252.539880
252.996020
254.238278
254.134994
255.318442
255.736685
256.969125
257.737571
258.999858
259.691725
260.853084
262.074920
261.970262
263.395231
264.354537
265.548982
266.783091
268.042629
269.421061
270.209045
271.808871
273.226084
274.685808
275.949764
277.525634
279.123987
280.398546
281.686948
283.385640
285.270185
287.269500
288.636642
290.867366
292.606998
295.275894
297.700521
300.122497
302.696945
305.334915
308.359415
310.530446
313.741781
316.602322
319.280251
323.076830
326.903354
330.440447
334.686686
339.561368
344.107740
349.121444
354.030587
360.546723
366.698026
373.508993
381.039710
388.975709
397.260146
407.369827
417.461542
429.120781
441.315685
453.981553
465.974502
478.414166
490.008705
501.609626
510.653968
519.440786
524.184792
527.518164
526.481885
520.636900
512.899124
497.560531
479.443768
454.651035
426.227055
396.778186
365.341291
334.518014
304.519441
274.810005
244.769607
214.568588
185.218585
156.278577
128.607826
102.806598
79.198296
59.306654
43.085531
30.579400
20.958257
14.415907
9.712351
6.504649
4.577691
3.263370
2.414809
1.876396
1.505181
1.218695
0.978157
0.798391
0.691671
0.593983
0.481077
0.376713
0.334692
0.307202
0.233666
0.202249
0.166021
0.116342
0.137451
0.110942
0.101321
0.090226
0.073536
0.063325
0.071867
0.069903
0.063031
0.068136
0.059791
0.058024
0.062638
0.044279
0.042315
0.034755
0.036326
0.033381
0.027490
0.039468
0.026312
0.024250
0.027097
0.025821
0.024054
0.021698
0.029061
0.019047
0.019243
0.020127
0.026508
0.017770
0.017967
0.023857
0.018359
0.020225
0.020127
0.021403
0.019439
0.018261
0.018752
0.019243
0.017279
0.022876
0.015316
0.016690
0.016592
0.015512
0.019734
0.017378
0.013843
0.014530
0.020029
0.016789
0.015709
0.023367
0.019145
0.019734
0.020127
0.019243
0.017672
0.020519
0.020716
0.022090
0.021207
0.019145
0.016789
0.018163
0.019243
0.015120
0.012174
0.016200
0.012076
0.012960
0.011978
0.011880
0.008149
0.001571
0.000491
0.000884
0.000295
0.000000
0.000000
0.000000
0.000000
0.000000
0.000000
0.000000
0.000000
0.000000
0.000000
0.000000
0.000000
0.000000
0.000000
0.000000
0.000000
0.000000
0.000000
0.000000
0.000000
0.000000
0.000000
0.000000
