226.135461
229.110831
229.401386
230.089656
230.737467
231.544927
231.570389
232.375975
232.983795
233.587399
233.537411
233.533193
234.386267
234.989714
235.225594
235.851692
235.830915
235.933703
236.984697
236.813645
237.371947
238.060686
239.204001
239.269142
240.023646
240.145491
240.384964
241.036524
241.536403
242.608642
243.024166
243.687910
243.905826
244.859500
245.205198
246.119819
246.226512
247.072400
247.708339
248.360992
248.802448
249.391835
249.981223
250.689176
251.482733
251.929812
252.903950
253.371024
254.010243
254.109750
255.340076
256.183621
256.892667
258.135802
258.994031
260.178118
261.109923
261.744768
263.269553
263.668050
264.801837
265.817527
267.112369
267.671295
269.217794
271.172475
272.226906
273.950549
274.800342
276.169697
276.721438
279.047122
280.167318
282.305236
283.715674
285.362304
287.577703
289.380390
292.330141
294.004421
296.048143
298.287285
300.428796
302.990204
305.699857
308.703814
311.218046
314.516775
317.726463
320.856171
324.348134
327.674824
331.633861
335.249544
339.844677
343.880882
349.026662
353.239387
358.253949
363.400041
369.285015
375.134217
381.459241
388.408332
395.935408
404.552218
414.056781
424.422384
435.811489
449.749192
464.680248
481.695328
500.746319
522.751747
545.367808
571.405068
594.366514
615.850819
632.553475
639.744070
632.183409
611.175863
572.327969
518.795522
452.013954
379.436140
304.175541
234.595591
173.569810
123.897831
86.133111
58.420164
39.913416
26.971096
19.197518
13.904743
10.810027
8.574008
7.084058
5.810774
4.955201
4.257089
3.696445
3.090186
2.720120
2.307407
1.984673
1.677248
1.299996
1.054431
0.783716
0.567518
0.376002
0.298209
0.183549
0.117784
0.085448
0.061704
0.047020
0.038741
0.017652
0.007811
0.006873
0.006405
0.007342
0.005936
0.003749
0.003749
0.003905
0.005624
0.003749
0.003437
0.004374
0.003905
0.002499
0.003905
0.002343
0.000937
0.001093
0.001250
0.001875
0.000469
0.001875
0.000781
0.001093
0.001250
0.001093
0.001562
0.000937
0.001093
0.001875
0.001406
0.004374
0.001093
0.001718
0.000937
0.002031
0.001718
0.001562
0.002031
0.001562
0.002499
0.001718
0.000937
0.004686
0.002812
0.000937
0.001250
0.001093
0.001093
0.000937
0.001250
0.001250
0.001250
0.002499
0.000312
0.002031
0.001250
0.002031
0.003280
0.002343
0.000625
0.000781
0.000469
0.000625
0.000781
0.000469
0.000781
0.000625
0.000781
0.000781
0.000937
0.002187
0.000000
0.002499
0.002656
0.000000
0.000000
0.000000
0.000000
0.000000
0.000000
0.000000
0.000000
0.000000
0.000000
0.000000
0.000000
0.000000
0.000000
0.000000
0.000000
0.000000
0.000000
0.000000
0.000000
0.000000
0.000000
0.000000
0.000000
0.000000
0.000000
0.000000
0.000000
0.000000
0.000000
0.000000
0.000000
0.000000
0.000000
0.000000
0.000000
0.000000
0.000000
0.000000
0.000000
0.000000
0.000000
0.000000
0.000000
0.000000
0.000000
0.000000
0.000000
0.000000
0.000000
0.000000
0.000000
