228.107102
231.454687
232.539130
232.302303
232.844130
233.379336
233.530799
234.148307
234.542524
235.170604
235.741577
235.713418
236.839555
237.277146
237.656445
237.803659
237.718591
238.938391
239.237364
239.901013
240.577209
241.081787
241.881089
241.601580
242.540983
242.776921
243.291873
243.621178
244.482528
245.304159
245.708355
246.327543
246.826786
247.611663
248.087688
248.661131
249.418838
250.448051
250.280089
251.358406
252.094772
252.558941
253.462380
254.211590
255.212348
256.053740
256.756514
257.317804
258.566850
259.199178
259.958565
260.200925
261.816227
262.594781
263.991634
265.040805
265.938514
267.111680
268.834380
269.471253
270.105953
271.665037
273.318971
274.602202
276.164152
277.541145
279.430720
280.790325
282.365909
284.606525
286.030351
287.895225
289.467845
291.790071
293.919931
296.189199
298.545511
300.698095
303.316033
305.860858
309.122882
311.364881
314.538378
317.688460
320.876383
324.532821
327.635874
331.753319
336.010469
340.208438
344.732253
349.361686
354.164714
359.551163
365.455133
371.079990
377.414240
384.699452
391.341172
400.241885
409.269853
420.597620
432.069834
445.193906
461.118403
477.954144
497.096896
518.097013
540.083266
564.538563
584.551161
605.211797
617.994808
625.630864
621.892420
606.736400
577.825065
537.613629
486.557564
427.681673
365.240833
300.603838
239.226496
183.187585
134.658265
95.014936
64.140222
42.050722
26.105971
15.543618
8.984002
5.131048
2.723754
1.456628
0.786755
0.390562
0.196121
0.101271
0.043868
0.020946
0.016302
0.017290
0.008299
0.010769
0.016895
0.007608
0.008201
0.016895
0.006521
0.011955
0.006916
0.010967
0.007114
0.006422
0.005039
0.007904
0.008398
0.011955
0.002865
0.001383
0.001976
0.001383
0.001680
0.001877
0.001877
0.002174
0.002272
0.002865
0.003458
0.000889
0.001087
0.001087
0.000988
0.001186
0.000790
0.001383
0.000988
0.001186
0.000988
0.000988
0.001383
0.000988
0.001383
0.001383
0.001186
0.001087
0.001087
0.002174
0.000790
0.000790
0.001877
0.001383
0.000494
0.001976
0.001383
0.001383
0.000889
0.001778
0.001581
0.001581
0.002569
0.001877
0.001284
0.000790
0.003952
0.002174
0.002964
0.003656
0.001087
0.000988
0.001680
0.001482
0.001581
0.001877
0.003260
0.001284
0.000395
0.000494
0.000593
0.000198
0.000395
0.000494
0.000296
0.000395
0.000692
0.000593
0.000099
0.000494
0.000593
0.000593
0.000395
0.000494
0.000790
0.000692
0.000494
0.000889
0.000593
0.000692
0.000692
0.000593
0.000790
0.001284
0.000889
0.000000
0.001877
0.000296
0.002668
0.003359
0.000000
0.000000
0.000000
0.000000
0.000000
0.000000
0.000000
0.000000
0.000000
0.000000
0.000000
0.000000
0.000000
0.000000
0.000000
0.000000
0.000000
0.000000
0.000000
0.000000
0.000000
0.000000
0.000000
0.000000
0.000000
0.000000
0.000000
0.000000
0.000000
0.000000
0.000000
0.000000
0.000000
0.000000
0.000000
0.000000
0.000000
0.000000
0.000000
0.000000
