220.665437
224.111867
224.614670
224.520930
225.594431
225.766975
226.329834
226.773958
227.067886
227.596004
228.471434
228.652875
228.849251
228.853699
229.335001
230.270169
230.902619
231.518650
231.352673
231.912461
232.302141
233.538018
234.332842
234.394700
233.750070
234.298418
234.991771
235.440343
235.526880
236.088680
235.786173
236.260801
236.414385
236.949705
237.530995
238.557467
238.641144
239.126682
239.611796
239.981457
240.279834
240.631489
241.196785
241.810486
242.259376
243.515165
243.866714
244.257665
244.799659
245.637275
245.429989
246.180433
246.855251
247.357630
247.600717
248.309322
249.002464
249.245445
249.949178
251.066212
251.538192
252.626945
253.019697
254.025303
254.676182
255.483505
255.846599
256.537093
257.281076
258.574890
259.403504
260.016569
260.797307
261.978422
263.096197
264.181349
264.922261
266.006141
267.139169
268.366995
269.722667
271.200465
272.435494
273.739688
274.752179
276.812855
277.785520
279.497613
281.279402
282.423869
284.730068
285.925483
288.100129
290.660854
291.680336
293.708388
296.059498
298.107464
300.717654
303.564257
305.852026
308.580423
311.880259
314.485471
317.795793
321.029641
325.411345
328.663729
332.625142
336.639409
341.553045
346.191288
350.795000
356.659057
362.814076
369.253809
376.091272
383.166419
392.025050
400.956766
411.034008
421.579840
432.733125
444.640031
458.201728
471.859389
485.612695
500.483035
513.907353
526.310284
536.621292
543.804054
545.785502
542.941440
534.127084
520.863341
502.070354
478.339477
451.255380
419.917000
386.839941
351.123988
312.720418
274.994312
238.137600
203.983651
172.932739
145.835295
122.238513
102.832990
84.506476
69.835689
55.682111
43.530317
32.657297
23.961042
16.707419
11.282401
7.421930
4.820002
2.932081
1.683283
1.020858
0.687210
0.444865
0.336402
0.275075
0.208345
0.169260
0.138967
0.101577
0.094269
0.091727
0.084101
0.076051
0.068424
0.062387
0.050524
0.039296
0.033153
0.025209
0.019066
0.020019
0.019913
0.015358
0.017901
0.016524
0.019701
0.028810
0.020337
0.021502
0.020231
0.018218
0.016947
0.016947
0.013770
0.021925
0.012604
0.017795
0.014299
0.019807
0.019701
0.017689
0.017583
0.017159
0.011863
0.012922
0.015464
0.018006
0.012499
0.014617
0.013770
0.016629
0.013346
0.014511
0.013981
0.015888
0.012710
0.004766
0.008580
0.007097
0.005826
0.010274
0.004978
0.003601
0.006461
0.005084
0.003389
0.004660
0.003601
0.002860
0.005508
0.003813
0.004555
0.005720
0.003919
0.005932
0.005402
0.004555
0.003601
0.002754
0.005190
0.005190
0.003813
0.005720
0.003813
0.005932
0.005826
0.007308
0.008156
0.007626
0.006567
0.008685
0.008262
0.007520
0.004660
0.002012
0.001059
0.001271
0.001801
0.002542
0.000000
0.000000
0.000000
0.000000
0.000000
0.000000
0.000000
0.000000
0.000000
0.000000
0.000000
0.000000
0.000000
0.000000
0.000000
0.000000
0.000000
0.000000
0.000000
0.000000
0.000000
0.000000
0.000000
0.000000
0.000000
0.000000
0.000000
