218.906918
222.133079
223.169509
223.614975
223.925432
224.307976
224.897333
224.958272
225.131924
226.063010
226.819878
226.912656
227.571550
227.325811
227.909311
228.534004
228.822541
229.266402
229.842721
229.829967
230.586646
230.542713
231.584529
231.928147
232.097925
232.892396
233.166195
232.964861
233.820837
234.118067
234.082165
235.087606
235.372648
235.639078
235.883589
236.641590
237.045959
237.373799
237.510982
238.407773
238.918241
239.051739
240.205607
239.920470
240.229699
240.530424
241.175146
241.978498
242.340823
242.864234
243.337667
243.766505
244.549827
244.770057
245.446335
245.560559
246.598596
246.589904
247.334206
247.758982
249.374849
250.050844
250.453511
251.214253
252.217521
252.566242
253.680239
254.148097
254.974029
255.745163
256.429661
257.886521
258.262829
259.531110
259.333177
261.065631
261.563817
262.358099
263.647448
264.400254
266.024435
266.962797
268.209158
268.764126
270.165621
271.938890
273.149539
274.337324
275.834621
277.369614
279.111327
280.479189
281.930285
283.740968
285.310163
287.798257
289.211940
291.771838
293.276221
295.511584
297.432901
299.962660
302.833676
305.990017
307.775379
311.240476
314.167990
316.941598
320.299557
323.655720
328.125786
330.658002
335.352454
339.765739
344.137453
349.366654
354.664920
360.193807
366.743631
373.165814
380.018913
388.532286
396.213301
406.667453
416.191368
427.541083
439.248871
452.023889
465.237289
479.330756
493.952170
507.802449
520.791934
533.374783
541.294546
548.076031
547.349302
542.528909
531.757782
516.650842
495.616599
470.876055
441.874148
408.639694
373.283062
337.101915
298.885415
261.919151
225.436901
190.398661
157.689319
129.468089
103.857302
82.564377
64.351453
49.785026
38.410370
28.251653
20.506580
14.431417
9.857992
6.382029
4.056911
2.701899
1.640054
1.050413
0.706039
0.443388
0.292789
0.227693
0.186312
0.154756
0.151827
0.126223
0.102509
0.100809
0.097691
0.089188
0.084086
0.077095
0.064529
0.075772
0.074260
0.048845
0.043271
0.045350
0.039587
0.033729
0.033918
0.029005
0.031272
0.032973
0.032501
0.026076
0.036469
0.026454
0.030517
0.025887
0.021163
0.016817
0.018140
0.016250
0.013133
0.010676
0.013983
0.013416
0.010582
0.010771
0.012755
0.013699
0.011715
0.016250
0.010393
0.016156
0.013605
0.014644
0.008409
0.010676
0.015306
0.014833
0.009920
0.011715
0.015778
0.014361
0.013510
0.009353
0.007180
0.007558
0.007464
0.006141
0.008220
0.009542
0.010487
0.008409
0.011243
0.010109
0.006141
0.009164
0.013983
0.008314
0.010393
0.007464
0.005763
0.008692
0.010204
0.007653
0.008503
0.008975
0.009353
0.011904
0.010204
0.008692
0.007275
0.008787
0.008220
0.010865
0.009731
0.011148
0.003779
0.002362
0.000661
0.000472
0.000283
0.002079
0.003685
0.000945
0.000000
0.003307
0.004913
0.000378
0.000661
0.000756
0.006330
0.000567
0.001228
0.002173
0.000378
0.000661
0.001512
0.004157
0.001323
0.001606
0.002740
0.001039
0.001417
0.001228
0.000756
0.001890
