222.541932
225.939350
226.161138
227.151666
227.319478
227.000570
228.225400
227.791256
228.597070
229.664734
230.470081
230.927851
231.282151
231.297653
231.985803
232.375776
232.882013
233.687267
234.076213
234.387369
234.236554
235.305245
235.315610
235.798221
235.785707
235.973317
237.001012
236.978787
237.615575
238.024972
238.490120
238.179056
239.363451
239.541254
240.428686
240.920635
241.336009
241.335636
242.293853
242.541228
243.361704
243.660347
244.481196
244.500246
245.051214
245.792499
246.237663
246.953268
247.466228
248.167825
248.573860
249.213544
250.027855
250.724223
251.029030
251.917395
251.861365
253.719154
253.530051
254.896264
255.718607
256.188985
257.362453
258.270523
258.745663
259.537842
260.958779
261.551023
262.726640
263.676265
263.974629
265.293870
266.148150
268.004539
268.532348
270.019961
271.654468
272.067414
273.528320
275.288615
276.833567
278.484416
280.329412
281.536966
283.523065
284.794774
287.316059
289.039468
291.138469
293.146140
295.667332
297.463861
300.118687
302.552377
304.913882
307.727087
310.570362
313.681089
316.157457
319.701675
322.825663
325.866166
330.111234
333.733148
337.709922
342.897799
347.687298
352.395086
358.018975
364.040774
370.191071
377.082559
384.894257
393.215554
402.899050
413.326258
424.970639
437.509082
451.473878
465.801847
482.193890
500.084287
517.103033
532.629030
547.039550
556.767776
563.346520
564.090981
559.726754
549.775899
532.998085
510.656148
481.794859
448.880687
412.766886
373.208321
333.521072
292.382536
250.042143
210.995605
174.962488
142.107148
113.893573
89.636416
69.279457
53.280749
40.546946
30.130850
21.878003
15.763286
11.166253
7.602330
5.354288
3.779827
2.584040
1.769915
1.235569
0.878654
0.487560
0.328340
0.182286
0.116450
0.084139
0.056404
0.042677
0.029696
0.023720
0.019704
0.018023
0.014288
0.013447
0.011673
0.007938
0.006910
0.007564
0.008311
0.008311
0.007097
0.008872
0.005136
0.004109
0.005977
0.007004
0.005603
0.005790
0.008872
0.007191
0.006350
0.004856
0.007097
0.007191
0.005043
0.005510
0.004669
0.005043
0.004482
0.003735
0.006350
0.005977
0.006724
0.004856
0.006630
0.004482
0.009805
0.007284
0.007844
0.010086
0.007938
0.004109
0.005790
0.004482
0.003268
0.003268
0.003549
0.003268
0.003082
0.003455
0.004109
0.003455
0.003549
0.004389
0.004016
0.003455
0.006350
0.005230
0.003455
0.002988
0.004016
0.003735
0.002521
0.002335
0.004856
0.003082
0.003829
0.002988
0.005977
0.002895
0.005696
0.004109
0.006444
0.005510
0.003735
0.003362
0.004763
0.005230
0.004296
0.007377
0.005510
0.003735
0.006350
0.005510
0.004296
0.005510
0.005416
0.005977
0.002802
0.001307
0.001774
0.002802
0.000000
0.000000
0.000000
0.000000
0.000000
0.000000
0.000000
0.000000
0.000000
0.000000
0.000000
0.000000
0.000000
0.000000
0.000000
0.000000
0.000000
0.000000
0.000000
0.000000
0.000000
0.000000
0.000000
0.000000
0.000000
0.000000
0.000000
0.000000
0.000000
