224.030287
226.470337
226.974291
227.746289
228.334439
228.494696
228.859951
229.460303
229.722246
230.521495
231.179605
231.352064
231.577806
232.041493
232.492978
233.414250
233.466720
234.245226
234.577535
234.851273
235.389800
235.449591
235.775392
236.467262
236.711308
237.481272
237.560180
238.335025
238.532702
238.561174
239.658973
239.447467
240.092967
240.629461
240.913368
241.596696
241.936733
242.871021
243.154927
243.182586
244.287706
245.104852
245.263075
245.880918
246.754195
246.907943
248.078142
248.290869
248.628466
249.552585
250.262758
250.446606
251.663580
252.612105
252.733314
254.143491
255.026123
255.360059
256.677093
257.386045
258.024631
259.088264
259.899716
260.308492
261.213902
262.009491
263.358657
264.384869
265.227233
265.921950
267.874316
268.752067
269.519184
271.066433
271.727390
273.517059
274.434671
275.850949
277.644685
279.222034
281.466034
282.688703
284.849321
286.413247
288.239929
289.879916
291.664703
294.126311
296.505757
298.980380
301.769009
303.587149
306.557592
309.228265
311.895278
314.944222
317.902463
321.494409
324.753232
328.217054
332.217776
336.356791
340.082962
345.086713
349.359953
355.656332
360.528704
366.887314
373.269923
380.487168
388.620397
396.982623
406.000111
416.767407
428.874514
441.450189
456.703858
473.359977
490.722608
509.554800
527.885072
546.054681
562.104753
574.937082
581.436833
580.683952
573.302790
558.282997
535.574545
506.939037
471.451133
432.067038
390.176595
346.765340
302.525550
258.735211
217.406886
178.281887
143.221063
114.016521
90.041879
69.757208
53.057568
40.437151
30.479680
22.585616
16.366111
11.692229
8.013240
5.480860
3.758304
2.534415
1.682695
1.219415
0.808605
0.519817
0.337190
0.243639
0.151308
0.113075
0.080942
0.048809
0.048809
0.039047
0.035793
0.023591
0.032539
0.026438
0.022778
0.018303
0.018303
0.017490
0.019524
0.016676
0.013016
0.008948
0.014643
0.016270
0.009355
0.012609
0.008948
0.005288
0.010169
0.003661
0.006508
0.006915
0.006915
0.004067
0.007321
0.008542
0.003661
0.006508
0.004067
0.004067
0.009762
0.004067
0.004067
0.006915
0.005288
0.006101
0.008542
0.006915
0.003661
0.010575
0.010169
0.006101
0.007321
0.006508
0.006508
0.006508
0.006915
0.008948
0.005694
0.004067
0.004474
0.004474
0.005288
0.005694
0.004067
0.003661
0.004067
0.003661
0.003254
0.004474
0.003661
0.002440
0.003661
0.004067
0.004067
0.004474
0.003254
0.005288
0.004474
0.005288
0.005288
0.003254
0.006508
0.005694
0.005694
0.006508
0.005288
0.010169
0.008542
0.009355
0.009355
0.004067
0.004067
0.004474
0.006508
0.004474
0.002034
0.001627
0.001627
0.002034
0.001627
0.002034
0.003661
0.002847
0.003661
0.002034
0.000000
0.000000
0.000000
0.000000
0.000000
0.000000
0.000000
0.000000
0.000000
0.000000
0.000000
0.000000
0.000000
0.000000
0.000000
0.000000
0.000000
0.000000
0.000000
0.000000
0.000000
0.000000
0.000000
0.000000
0.000000
0.000000
0.000000
0.000000
