223.807777
226.395778
226.854189
228.174864
228.311059
229.447927
229.591269
230.183257
230.727633
231.109542
231.613855
232.217118
232.282749
233.003685
233.689188
233.608659
233.731566
234.226920
234.757304
235.501694
235.493238
236.819853
236.861023
237.854348
237.781570
237.604809
237.938803
238.241894
239.050707
239.759564
239.656889
240.144995
240.526602
241.044303
241.797853
241.968172
242.892544
243.422324
243.557411
244.121920
244.391390
245.423369
246.222921
246.042133
247.236881
247.474241
248.212188
248.662647
249.738112
250.066368
250.690367
251.238971
251.397412
251.931621
253.641151
254.252164
254.968067
255.860731
256.189189
257.126546
258.483258
258.638880
260.034045
260.056191
261.496955
262.982916
263.887760
264.221452
265.912057
266.853945
267.751742
269.023899
270.155734
271.600927
273.075614
274.169500
276.059717
276.502525
278.276881
279.794550
281.986449
283.504018
285.530832
287.429303
289.030118
291.686468
293.088276
295.464787
297.082615
299.924785
302.117388
304.287543
307.064787
309.889643
312.497373
315.908782
319.096623
322.745593
326.110497
330.109566
333.988144
337.937185
342.131638
347.208790
352.452435
358.068124
363.638818
369.734661
377.538926
384.965914
393.438671
401.801707
412.317182
424.049954
435.959688
449.002063
464.806682
480.088366
496.472291
513.524607
530.197932
542.658384
552.049373
558.775054
558.765088
552.831209
540.829470
524.649686
502.326849
477.721317
448.038835
414.725603
380.506420
342.317358
304.788736
265.274368
225.979946
189.190579
156.264591
125.634283
100.532289
78.977800
61.509955
46.869482
35.445338
26.522122
19.183515
13.626411
9.840039
6.925694
4.670681
3.345376
2.336146
1.619639
1.076069
0.718419
0.504917
0.351106
0.218435
0.158642
0.115962
0.075093
0.049022
0.035433
0.020132
0.022649
0.021038
0.021642
0.022447
0.021139
0.013187
0.017314
0.016508
0.011173
0.011979
0.008456
0.010569
0.013992
0.006342
0.010066
0.008758
0.006946
0.012482
0.011576
0.007248
0.006845
0.006241
0.009060
0.005436
0.008456
0.008053
0.005838
0.005234
0.006040
0.007852
0.007248
0.004832
0.006744
0.003926
0.004127
0.005738
0.006543
0.011777
0.009060
0.003724
0.004026
0.005436
0.002819
0.007550
0.006342
0.005436
0.004328
0.003926
0.004630
0.005738
0.007248
0.005033
0.006342
0.007952
0.004026
0.002416
0.002919
0.002617
0.003221
0.006342
0.001208
0.001711
0.001611
0.002315
0.001309
0.002114
0.001711
0.002617
0.000906
0.003724
0.002013
0.001913
0.001812
0.002919
0.002013
0.002517
0.003020
0.002819
0.001510
0.004429
0.005637
0.004328
0.004429
0.005134
0.002114
0.002819
0.002517
0.000604
0.000705
0.000705
0.000705
0.002919
0.002416
0.000000
0.000000
0.000000
0.000000
0.000000
0.000000
0.000000
0.000000
0.000000
0.000000
0.000000
0.000000
0.000000
0.000000
0.000000
0.000000
0.000000
0.000000
0.000000
0.000000
0.000000
0.000000
0.000000
0.000000
0.000000
0.000000
0.000000
0.000000
0.000000
0.000000
