229.049179
231.736337
232.299734
232.082638
233.179169
234.341284
234.699668
234.606302
235.564850
236.026515
236.547567
236.494790
237.177579
237.531316
238.028612
238.477677
238.760563
239.219336
239.553346
240.314215
240.549798
241.714701
241.626913
242.146208
242.777667
242.859568
244.494192
244.900602
245.212716
245.725402
246.485651
246.873470
247.415384
248.142274
248.600841
249.512396
249.715033
251.026905
251.696990
252.517246
253.209227
253.734822
254.402326
254.820199
255.988821
257.226744
257.494550
258.362832
259.063178
260.052917
261.487383
262.453678
263.470270
264.549141
265.210860
265.658376
267.433358
268.724161
269.284975
270.284526
271.779205
272.977054
273.963385
275.839996
276.936837
278.948436
280.769482
281.965163
283.986160
286.021100
287.445445
289.742718
291.355137
293.948309
295.368006
297.989478
300.097644
303.165804
305.420732
308.020515
310.636203
313.976714
316.669759
319.728418
323.537618
327.038628
330.893788
334.937848
338.333615
342.862888
347.553898
352.769885
357.832706
363.558383
369.672912
375.809233
383.692961
390.626609
399.046777
408.240414
419.095012
430.752927
443.489919
459.701998
475.558998
495.208053
516.623002
539.791451
564.087003
587.903022
609.129380
626.173075
633.910454
631.973838
619.452392
591.531893
550.994312
497.645582
437.999413
370.730920
304.733812
240.880296
183.157008
134.207417
95.828093
65.365442
43.940269
28.636544
18.304753
11.523754
6.912166
4.150646
2.314005
1.342236
0.789684
0.461975
0.312837
0.165559
0.097910
0.073329
0.046476
0.022722
0.022928
0.021586
0.015699
0.011567
0.014666
0.008056
0.014356
0.008676
0.009812
0.010844
0.010018
0.003718
0.010225
0.009605
0.006094
0.012704
0.007230
0.005577
0.007849
0.003925
0.010741
0.007539
0.004441
0.006094
0.005164
0.004338
0.004441
0.005784
0.005371
0.005887
0.006300
0.006300
0.009915
0.007643
0.011361
0.004957
0.010225
0.002479
0.002272
0.001962
0.001549
0.002995
0.002272
0.002272
0.001859
0.002582
0.001756
0.003512
0.002479
0.001136
0.003305
0.003098
0.001859
0.002169
0.003718
0.002995
0.003718
0.002479
0.003718
0.004235
0.004131
0.004338
0.005061
0.003202
0.004131
0.001652
0.001756
0.001962
0.001859
0.001756
0.001859
0.001962
0.001962
0.002066
0.002169
0.002582
0.004441
0.001239
0.004957
0.001549
0.000930
0.002066
0.001239
0.001343
0.001756
0.001859
0.001652
0.001756
0.002272
0.000826
0.002789
0.002892
0.002685
0.001446
0.004441
0.001446
0.000930
0.001756
0.001136
0.000930
0.001239
0.002582
0.001652
0.000930
0.004028
0.002479
0.000826
0.000826
0.000930
0.001033
0.001136
0.001446
0.001962
0.002066
0.000000
0.000000
0.000000
0.000000
0.000000
0.000000
0.000000
0.000000
0.000000
0.000000
0.000000
0.000000
0.000000
0.000000
0.000000
0.000000
0.000000
0.000000
0.000000
0.000000
0.000000
0.000000
0.000000
0.000000
0.000000
0.000000
0.000000
0.000000
0.000000
0.000000
0.000000
0.000000
