223.458634
226.286655
226.943045
227.928877
228.502403
228.977240
229.264771
230.039319
230.581867
230.977772
231.541612
231.445705
231.898579
232.112932
233.081021
232.890070
233.642655
234.399364
234.875065
234.675577
235.252556
235.832220
235.965244
236.177679
236.800214
237.450945
237.941032
238.173224
238.395249
238.800266
239.291791
239.692684
240.869564
240.586157
241.220489
241.991297
241.986213
241.909775
242.524350
243.139979
244.200427
244.788435
244.975742
245.829894
246.424327
246.827043
247.079950
247.910892
248.234675
248.940170
249.642020
250.070151
250.780153
251.341787
251.926726
252.965690
253.492605
253.735827
254.590841
255.776832
256.893961
257.529539
258.467513
259.867473
259.987837
261.419638
262.744790
263.304410
264.216585
265.073326
266.092917
267.449815
268.711956
269.980043
271.001840
272.258131
273.376891
274.611986
275.988641
277.619162
278.828362
280.804438
282.374921
284.286739
286.265212
287.502130
289.286199
291.178164
293.427000
295.911577
298.161564
300.239973
303.185768
305.355385
307.135234
310.655418
313.146612
316.798670
319.532701
323.265704
326.122689
330.729313
334.522641
338.631313
343.020515
348.398233
353.015598
359.146669
365.168886
371.528408
379.238402
386.321354
395.740034
405.005934
415.079950
426.904754
439.900588
453.723335
468.825774
483.776392
500.029049
515.541492
528.587006
539.989818
548.902587
553.115126
553.808057
549.830778
540.533037
528.086561
508.874778
485.069607
453.874197
417.235660
376.169846
332.841385
289.168616
246.973973
208.673744
173.112054
141.598328
114.452223
90.986660
71.833381
55.069538
41.696980
31.184764
23.035131
16.872410
12.326017
9.029488
6.682059
4.774461
3.621463
2.404110
1.680681
1.132570
0.732828
0.484812
0.293860
0.172537
0.097730
0.052653
0.036349
0.045172
0.030786
0.035486
0.019086
0.020716
0.018606
0.016304
0.016688
0.014002
0.018222
0.016880
0.010166
0.008440
0.008728
0.011221
0.011893
0.015345
0.007864
0.009207
0.008919
0.008152
0.013235
0.009303
0.009111
0.013523
0.013619
0.011893
0.007864
0.009687
0.009974
0.006426
0.005275
0.008823
0.007193
0.005659
0.008248
0.002781
0.003644
0.005083
0.004987
0.004028
0.003932
0.004124
0.004604
0.004220
0.005083
0.005275
0.006618
0.003644
0.004124
0.003549
0.003644
0.004316
0.004124
0.004412
0.005275
0.003453
0.004699
0.003740
0.005275
0.005371
0.006234
0.005563
0.008248
0.007577
0.003453
0.012468
0.004604
0.002302
0.003357
0.003453
0.003261
0.001055
0.005275
0.004124
0.004604
0.003740
0.002781
0.002781
0.002398
0.003261
0.001822
0.004220
0.003357
0.003644
0.002973
0.005371
0.005754
0.004124
0.004316
0.002014
0.001918
0.002110
0.002302
0.002589
0.003069
0.004220
0.001535
0.000384
0.002494
0.000000
0.002973
0.001151
0.000000
0.000000
0.000000
0.000000
0.000000
0.000000
0.000000
0.000000
0.000000
0.000000
0.000000
0.000000
0.000000
0.000000
0.000000
0.000000
0.000000
0.000000
0.000000
0.000000
0.000000
