229.076804
232.328761
232.628539
233.239280
233.539057
234.281683
234.954105
235.372771
235.881455
236.277963
236.557073
237.233224
237.432330
237.727633
238.510102
239.054793
239.324210
240.119888
240.469415
241.110517
241.976719
242.100934
242.601948
243.210664
243.367584
244.197246
244.792753
246.090404
245.780506
246.225698
246.453247
247.249884
248.080505
248.284618
249.569805
249.781907
250.959605
251.511860
252.660581
253.526250
253.943638
254.572808
255.204642
256.127412
257.270487
257.779704
258.532343
259.632593
260.550355
261.474403
261.961462
263.424342
264.002165
264.869858
266.003984
267.691431
268.605572
270.024348
270.987066
272.748659
274.405319
275.227949
276.678046
278.132936
279.674862
281.895602
282.819970
285.163220
286.867712
288.294265
290.044033
292.563272
294.349899
296.725961
298.619332
301.317650
303.852975
306.231594
309.246734
311.941962
314.923544
318.032005
321.219192
324.473707
328.511222
332.277617
336.425605
340.942402
345.096249
349.282908
354.641831
360.213602
365.356054
371.408812
377.507271
384.839570
392.083128
400.485742
409.681796
419.741601
432.208149
444.675017
459.979651
476.911329
496.814363
517.131268
541.176857
564.066374
588.983064
610.149979
627.272880
635.876197
633.890570
617.342083
588.123361
544.901918
490.071605
427.764645
360.382986
292.357242
230.786729
174.436542
127.773729
89.307179
60.550907
39.350436
25.085968
15.094129
8.646142
4.743069
2.544913
1.408443
0.721639
0.376160
0.219134
0.115799
0.074678
0.041227
0.032705
0.027911
0.023330
0.023969
0.020347
0.019495
0.025248
0.020773
0.018643
0.012784
0.013636
0.012358
0.010973
0.005007
0.011079
0.009162
0.011825
0.007777
0.009481
0.008949
0.005327
0.004155
0.002131
0.004581
0.004900
0.003409
0.004581
0.005433
0.005859
0.005433
0.004474
0.005433
0.002450
0.002557
0.002770
0.002450
0.002876
0.002557
0.002876
0.003196
0.002663
0.002983
0.004794
0.002344
0.004794
0.002770
0.006072
0.003409
0.003729
0.001704
0.003729
0.003409
0.002237
0.004794
0.005113
0.002770
0.002450
0.002770
0.000746
0.003302
0.004155
0.004900
0.002344
0.001811
0.001918
0.001918
0.004474
0.002770
0.001918
0.002344
0.002237
0.004261
0.001385
0.001918
0.002557
0.000000
0.000000
0.000000
0.000000
0.000000
0.000000
0.000000
0.000000
0.000000
0.000000
0.000000
0.000000
0.000000
0.000000
0.000000
0.000000
0.000000
0.000000
0.000000
0.000000
0.000000
0.000000
0.000000
0.000000
0.000000
0.000000
0.000000
0.000000
0.000000
0.000000
0.000000
0.000000
0.000000
0.000000
0.000000
0.000000
0.000000
0.000000
0.000000
0.000000
0.000000
0.000000
0.000000
0.000000
0.000000
0.000000
0.000000
0.000000
0.000000
0.000000
0.000000
0.000000
0.000000
0.000000
0.000000
0.000000
0.000000
0.000000
0.000000
0.000000
0.000000
0.000000
0.000000
0.000000
0.000000
0.000000
0.000000
0.000000
0.000000
0.000000
0.000000
0.000000
0.000000
0.000000
0.000000
