226.040159
229.593942
230.055640
230.501175
231.235442
231.670376
231.803879
232.572676
232.903600
233.816920
233.732222
233.539314
234.503013
235.210516
235.523807
236.175369
236.009960
236.802686
237.573477
237.751272
238.358228
238.734912
239.093439
239.802621
240.231153
240.818903
241.379049
241.929224
241.942343
242.481183
243.539447
243.591505
244.139161
244.630561
245.501165
245.908391
246.633632
247.569097
247.895928
249.267378
249.499329
250.134938
251.332057
251.563693
252.221132
252.982477
253.638972
254.983134
255.103308
255.818682
256.812608
257.766231
258.018229
258.893030
260.543766
260.966946
261.650834
263.261476
264.014320
264.851863
265.639867
267.334893
268.120168
269.407864
270.915965
272.161469
273.153820
274.514250
275.928521
277.723570
278.800516
280.590737
281.749653
283.766997
285.478187
287.375777
289.351979
291.649553
293.274995
295.025963
297.621295
300.530024
302.331370
305.136298
308.004934
310.558495
314.039439
316.891388
320.199576
323.804368
327.112136
330.856414
334.940851
338.639368
342.934555
348.148205
352.095676
357.267344
362.799009
368.202838
374.763484
381.588721
389.136471
397.098163
406.119694
416.603880
428.603095
441.026434
455.593588
472.289549
490.536328
511.203165
534.601566
558.623401
583.890529
607.172850
628.928806
643.541301
647.056566
637.804134
612.029547
569.891917
514.689672
447.329205
373.140981
298.205686
228.435762
167.362007
117.001765
79.080501
51.602701
32.554589
19.876209
11.868651
6.976478
4.069953
2.415544
1.351193
0.742558
0.431366
0.266271
0.154809
0.093830
0.063603
0.043451
0.031277
0.029073
0.021201
0.018367
0.018052
0.012385
0.023825
0.017318
0.008711
0.007557
0.007242
0.004618
0.010915
0.007977
0.006402
0.004933
0.017423
0.006927
0.006612
0.006507
0.005458
0.005668
0.007872
0.007032
0.004618
0.009131
0.005668
0.005668
0.005248
0.005458
0.006297
0.007977
0.005773
0.004828
0.005982
0.007242
0.006402
0.005143
0.001994
0.003673
0.002519
0.005458
0.003359
0.005563
0.001469
0.002519
0.004408
0.003988
0.001889
0.001574
0.001784
0.001784
0.001364
0.002204
0.001364
0.001679
0.001679
0.002309
0.001469
0.002099
0.001364
0.002099
0.001574
0.002204
0.001784
0.001889
0.001994
0.001889
0.001784
0.002099
0.002204
0.002099
0.002204
0.002099
0.001259
0.002624
0.002099
0.002729
0.002204
0.003044
0.001994
0.002204
0.003464
0.002099
0.002099
0.002729
0.003149
0.002099
0.002939
0.003673
0.004618
0.003149
0.003568
0.006087
0.002834
0.003254
0.004408
0.002204
0.004618
0.003568
0.000945
0.004303
0.004303
0.003149
0.001574
0.002519
0.002834
0.003988
0.001574
0.003254
0.000000
0.000000
0.000000
0.000000
0.000000
0.000000
0.000000
0.000000
0.000000
0.000000
0.000000
0.000000
0.000000
0.000000
0.000000
0.000000
0.000000
0.000000
0.000000
0.000000
0.000000
0.000000
0.000000
0.000000
0.000000
0.000000
0.000000
0.000000
0.000000
0.000000
0.000000
0.000000
0.000000
