223.739305
227.346064
227.938017
228.450452
228.771319
229.913167
230.125271
230.645592
230.868704
230.859010
231.932511
232.205240
232.429666
233.330165
233.715764
233.592543
233.836028
234.912486
235.264734
235.755810
235.718351
236.552967
237.327781
237.588352
237.939449
238.528117
238.714920
239.298822
239.750304
240.227908
240.545983
241.874304
241.824687
242.461493
242.467900
242.950598
243.655093
243.878369
244.762274
245.062605
246.217924
246.592680
247.217164
247.805174
248.078889
248.893133
249.758801
250.651742
250.749990
251.695834
252.479355
253.065558
253.606744
254.667101
255.485617
255.808455
257.270020
257.658248
258.530652
259.404535
260.135646
261.015443
262.199350
262.570491
263.560038
265.169303
265.754192
266.889796
267.769593
269.286853
269.986255
271.368959
272.554015
274.586339
275.498667
277.486303
278.621742
280.272739
282.541975
283.663943
285.427152
286.938662
289.666774
291.032554
293.257267
295.553284
298.052861
300.408846
302.704862
304.860736
307.983483
310.991223
313.962326
316.394543
319.721180
324.195907
325.935129
330.571029
334.563058
338.307332
342.723077
347.114999
352.659613
357.314899
363.050094
369.204405
375.939989
383.617639
390.948627
400.158159
410.513153
420.732275
432.632788
446.519951
462.298638
479.233794
500.206324
520.835315
544.296416
567.010469
587.492580
603.751664
614.003316
612.647065
601.250279
576.471536
541.239386
498.577344
448.976155
398.361434
346.639695
297.392397
251.864893
211.036542
174.034283
141.335391
112.440248
87.672841
66.801351
49.493083
36.243875
25.205580
16.864345
10.998864
7.149935
4.584804
2.764256
1.689934
0.931879
0.511778
0.295237
0.194032
0.139322
0.089212
0.053231
0.039102
0.045674
0.028094
0.030723
0.022344
0.020701
0.018894
0.018730
0.013801
0.012322
0.017251
0.019880
0.011829
0.011994
0.009858
0.011501
0.012158
0.014458
0.012979
0.011172
0.007722
0.008215
0.012979
0.009693
0.008543
0.004600
0.003614
0.005422
0.006407
0.006243
0.005422
0.004272
0.003614
0.004600
0.004765
0.004929
0.006900
0.004107
0.005093
0.004600
0.006079
0.005750
0.002300
0.006243
0.005093
0.003450
0.002464
0.002136
0.002136
0.002629
0.002136
0.001972
0.002464
0.002629
0.002300
0.002300
0.002464
0.002464
0.002629
0.002629
0.002629
0.002629
0.002793
0.004272
0.003779
0.004436
0.001972
0.002136
0.002300
0.002464
0.001972
0.001972
0.002136
0.002629
0.002136
0.002957
0.002136
0.002629
0.002957
0.002464
0.002629
0.003286
0.003122
0.003122
0.002629
0.004436
0.003779
0.004107
0.003943
0.006407
0.004107
0.003614
0.005422
0.003286
0.003943
0.006736
0.003614
0.003779
0.004107
0.000986
0.000000
0.000000
0.000000
0.000000
0.000000
0.000000
0.000000
0.000000
0.000000
0.000000
0.000000
0.000000
0.000000
0.000000
0.000000
0.000000
0.000000
0.000000
0.000000
0.000000
0.000000
0.000000
0.000000
0.000000
0.000000
0.000000
0.000000
0.000000
0.000000
0.000000
0.000000
0.000000
0.000000
