222.218011
225.267352
226.617604
226.869534
227.059589
227.581973
228.243274
228.954774
229.118119
229.639429
230.391463
230.488504
231.049543
231.098667
231.349927
231.722656
232.964860
233.207932
234.196193
234.387993
234.426112
235.299883
235.196534
235.331693
235.879310
236.340221
236.254320
237.011455
237.031588
237.278015
238.304260
237.822008
238.399154
239.066226
239.265006
240.470032
240.131664
240.898998
241.382861
241.905916
242.324950
242.703584
243.563397
244.598500
244.849357
245.743127
246.047404
246.608308
247.180085
248.115597
248.687911
248.860920
249.399410
249.992125
250.652621
251.892141
252.897716
252.728331
253.814169
254.177503
255.337431
255.337565
256.682582
257.252479
258.827147
259.072232
259.862787
260.416712
261.926686
263.036415
263.564168
264.601151
265.763897
267.072541
267.964834
268.622914
270.134901
271.120343
272.647899
274.024458
275.296325
277.206139
278.361236
279.847049
281.264143
283.476623
284.755738
287.034791
288.693077
290.936293
293.150787
295.139120
297.322742
299.699373
302.768847
304.960657
308.393464
310.478972
313.546970
316.266532
319.776918
323.047454
326.882517
330.148355
334.848868
338.391064
343.346193
348.355680
353.214305
359.050587
365.014377
371.968711
378.929755
386.436671
394.795481
404.650842
414.375339
426.236347
438.980790
452.845835
467.274872
482.255015
497.410584
513.192557
526.173496
539.120611
549.166565
555.516237
558.607186
557.580941
549.337426
535.182735
511.337773
482.847193
447.088340
407.786486
364.810229
323.465548
281.373397
243.400051
208.510809
175.800357
145.983685
119.511101
95.762777
75.936626
59.171359
45.534890
34.294246
26.156899
19.772866
14.408770
10.690343
7.972391
5.686358
4.004986
2.755534
1.812102
1.142479
0.668952
0.436215
0.258239
0.154084
0.100128
0.071002
0.058520
0.042011
0.035434
0.026039
0.025904
0.024965
0.024696
0.019059
0.019328
0.016777
0.012080
0.011409
0.011811
0.012348
0.013154
0.014362
0.014227
0.015033
0.015033
0.013959
0.010335
0.015435
0.013019
0.012751
0.007382
0.008993
0.009664
0.011274
0.008993
0.009261
0.009932
0.012214
0.010469
0.008322
0.011409
0.008053
0.009530
0.008187
0.010872
0.011006
0.011811
0.012080
0.011811
0.011811
0.006979
0.008724
0.009798
0.010603
0.011274
0.009932
0.012482
0.008456
0.010738
0.007114
0.009664
0.007651
0.008322
0.008456
0.004832
0.004429
0.004027
0.004832
0.007382
0.004563
0.007248
0.003758
0.005637
0.004563
0.005369
0.003892
0.004832
0.003758
0.004563
0.005637
0.001745
0.003892
0.002953
0.004027
0.002416
0.004698
0.003758
0.003087
0.005100
0.006979
0.006979
0.003892
0.002819
0.003087
0.005503
0.002819
0.003221
0.006845
0.000000
0.000000
0.000000
0.000000
0.000000
0.000000
0.000000
0.000000
0.000000
0.000000
0.000000
0.000000
0.000000
0.000000
0.000000
0.000000
0.000000
0.000000
0.000000
0.000000
0.000000
0.000000
0.000000
0.000000
0.000000
0.000000
0.000000
0.000000
0.000000
0.000000
0.000000
