221.345169
224.580783
226.095748
226.075523
226.300669
226.728065
227.680928
228.138471
228.864662
229.034475
229.230619
229.523309
230.146467
230.820378
230.919214
231.026826
231.758359
232.209796
232.158661
232.985595
233.682021
234.212450
234.323115
234.078507
234.382645
235.349246
235.627435
235.744587
236.603576
237.032498
236.995101
237.319082
238.059393
238.181887
238.363149
239.364094
239.669377
239.710590
240.191029
240.386410
241.245017
242.051345
242.073478
242.523770
243.240039
242.965666
244.197482
244.626404
245.493025
246.411544
247.159486
247.752116
248.087545
248.648884
249.462844
249.661277
250.330228
251.549832
252.100104
252.760278
252.925893
254.316456
254.978538
256.201194
256.626682
257.106739
258.026021
258.804110
259.694773
260.742274
261.176920
262.452619
263.427616
264.361017
265.744329
266.909746
267.924429
269.852670
270.483842
272.186174
273.258861
273.948800
276.168968
277.368729
278.682589
280.649754
282.044514
283.183599
285.538473
287.568221
289.494555
291.751356
293.447965
295.607458
297.615454
300.737732
302.562177
305.416570
308.084740
311.152449
313.815277
317.041732
320.383432
323.589663
326.753154
330.535606
335.083554
338.671388
343.391058
348.293515
353.794708
358.928799
365.610290
372.010541
379.583839
387.354427
396.013769
406.099544
416.613096
428.383267
441.915683
455.150830
470.300099
485.265435
500.155976
515.023622
527.497852
538.011404
545.641943
551.067960
550.716885
545.744594
536.358298
522.510297
504.152889
479.802020
449.605752
415.342738
377.178594
336.104724
293.684177
250.787770
211.170099
174.182437
140.905486
112.751178
88.614770
68.612270
52.089993
39.023515
28.680540
20.666871
14.497109
10.155227
6.822304
4.667008
3.127621
2.057605
1.310044
0.860897
0.556378
0.351838
0.210645
0.128219
0.077465
0.053424
0.051516
0.037016
0.037397
0.034344
0.023659
0.023659
0.020607
0.024041
0.018317
0.021751
0.020607
0.020607
0.017935
0.017935
0.019462
0.023278
0.027094
0.019462
0.016027
0.016409
0.017935
0.019843
0.019843
0.020225
0.016409
0.018699
0.010685
0.012211
0.010685
0.011830
0.009540
0.011066
0.012211
0.015646
0.009922
0.010303
0.011066
0.013738
0.011448
0.013356
0.010303
0.011830
0.013356
0.011066
0.011830
0.009922
0.012211
0.008395
0.003816
0.006106
0.007250
0.004579
0.006106
0.004198
0.003053
0.003434
0.006106
0.003053
0.003816
0.008395
0.002290
0.001908
0.002290
0.001526
0.002290
0.001908
0.001526
0.002290
0.001145
0.001908
0.003816
0.002290
0.001908
0.003434
0.003434
0.003053
0.005342
0.001526
0.003053
0.001908
0.002290
0.001526
0.002671
0.004198
0.003816
0.004961
0.001145
0.000382
0.000382
0.000763
0.000763
0.001145
0.000382
0.000763
0.000763
0.000763
0.000763
0.000763
0.001908
0.000000
0.002671
0.001526
0.001526
0.000000
0.000000
0.000000
0.000000
0.000000
0.000000
0.000000
0.000000
0.000000
0.000000
0.000000
0.000000
0.000000
0.000000
0.000000
0.000000
0.000000
0.000000
0.000000
