227.033154
230.764568
230.817617
231.899395
232.555474
233.039446
233.763444
233.691105
234.685573
234.599870
235.222694
236.051082
235.955735
236.519682
236.950705
237.339630
237.303662
237.984256
238.435575
239.067239
239.246481
239.327159
240.367442
240.852017
242.122078
241.927364
242.216220
243.082486
243.702697
244.312259
245.148182
245.240214
246.660682
246.601203
247.141941
247.329622
247.165451
248.536587
248.771088
249.736921
250.448762
251.280768
252.077608
253.521385
253.640946
253.833048
254.522685
255.834241
256.363224
257.051555
257.866781
258.575910
259.696670
261.182444
262.155311
263.364486
264.223519
265.054318
266.142426
267.326282
268.343859
269.397404
271.157867
271.770945
272.820170
274.124090
275.722794
276.560225
279.033635
280.204028
281.485543
283.545312
285.277040
287.352582
289.278120
290.756460
293.621909
295.105674
297.726275
300.515868
302.298737
304.876336
307.837937
310.834201
313.212364
316.733793
320.144301
323.852406
327.412718
331.298557
335.212026
338.877431
343.632450
348.059430
353.095166
357.509788
363.197987
368.898243
374.759656
381.511447
388.988142
397.263887
406.983107
416.947578
428.380744
442.497304
455.794620
472.841233
491.512171
511.570220
532.185183
554.916480
578.034693
599.145684
615.994168
626.856454
627.969980
618.725488
595.963749
561.309689
512.098902
452.453738
385.734771
315.596253
248.003886
186.814977
135.623191
94.464801
62.093255
39.442134
23.870745
13.795956
7.896666
4.291343
2.382483
1.233590
0.677078
0.362903
0.205866
0.137445
0.099366
0.058374
0.037878
0.021300
0.019391
0.014870
0.013262
0.011454
0.013463
0.010650
0.010349
0.008038
0.003517
0.005526
0.003918
0.007937
0.005827
0.007133
0.006330
0.007736
0.002914
0.000502
0.000703
0.000703
0.000703
0.000703
0.000703
0.000904
0.000904
0.001005
0.001206
0.001507
0.003416
0.000000
0.000000
0.000000
0.000000
0.000000
0.000000
0.000000
0.000000
0.000000
0.000000
0.000000
0.000000
0.000000
0.000000
0.000000
0.000000
0.000000
0.000000
0.000000
0.000000
0.000000
0.000000
0.000000
0.000000
0.000000
0.000000
0.000000
0.000000
0.000000
0.000000
0.000000
0.000000
0.000000
0.000000
0.000000
0.000000
0.000000
0.000000
0.000000
0.000000
0.000000
0.000000
0.000000
0.000000
0.000000
0.000000
0.000000
0.000000
0.000000
0.000000
0.000000
0.000000
0.000000
0.000000
0.000000
0.000000
0.000000
0.000000
0.000000
0.000000
0.000000
0.000000
0.000000
0.000000
0.000000
0.000000
0.000000
0.000000
0.000000
0.000000
0.000000
0.000000
0.000000
0.000000
0.000000
0.000000
0.000000
0.000000
0.000000
0.000000
0.000000
0.000000
0.000000
0.000000
0.000000
0.000000
0.000000
0.000000
0.000000
0.000000
0.000000
0.000000
0.000000
0.000000
0.000000
0.000000
0.000000
0.000000
0.000000
0.000000
0.000000
0.000000
0.000000
0.000000
0.000000
0.000000
0.000000
0.000000
0.000000
0.000000
0.000000
0.000000
0.000000
0.000000
0.000000
