226.562220
227.823604
228.142524
229.158092
229.607384
230.188316
230.867683
231.424006
232.208413
231.883160
232.128616
233.061762
232.886152
233.922710
234.460485
234.583349
235.218112
235.322881
235.375537
236.335282
236.923633
237.604357
237.895049
237.777976
238.767216
238.570254
239.421069
239.538142
240.005982
240.826579
240.857430
241.653870
242.096106
242.956240
243.232908
243.482797
244.238252
244.597614
245.815662
246.342943
246.773869
247.745195
248.628852
248.822918
249.843190
250.217118
251.278013
252.093000
252.363607
253.035736
253.310686
254.561214
255.487212
256.097367
256.729597
257.690609
258.265570
259.173564
259.756215
261.075050
262.368372
263.250672
264.403850
264.671200
265.883367
266.839584
268.172895
269.072656
270.181231
271.748598
272.638497
274.321308
275.623768
276.507787
278.335628
280.047933
281.903368
283.879948
285.050045
287.752223
288.940143
291.035153
293.180828
295.381149
297.766127
300.051040
302.197982
304.503072
307.488885
310.199207
312.958384
315.904299
319.672439
322.852048
326.490539
329.806763
333.350709
337.500196
341.554595
346.307994
351.118663
355.728390
361.218787
367.742305
373.475263
381.152049
388.643907
397.255015
405.613792
416.645886
427.928412
440.859007
456.090168
472.984689
491.220482
513.322127
536.196237
560.857836
584.765337
606.092437
620.583613
629.809128
625.407039
609.629236
579.814072
535.755992
483.480274
424.460464
363.135745
303.930825
249.149799
200.319321
158.029097
122.828304
94.173105
71.348212
52.892115
38.684212
28.098244
19.997317
14.062150
9.512769
6.384007
4.212547
2.698288
1.601023
0.963364
0.594774
0.358728
0.209628
0.137882
0.092645
0.052022
0.034832
0.035285
0.036913
0.029856
0.028318
0.023523
0.013842
0.016014
0.015833
0.012666
0.014928
0.009138
0.016285
0.011581
0.014476
0.008595
0.007781
0.011490
0.007147
0.011671
0.005971
0.005157
0.005067
0.003800
0.006062
0.002443
0.004524
0.005971
0.002805
0.002171
0.004252
0.002986
0.001538
0.003348
0.006605
0.002895
0.004071
0.005971
0.001086
0.001809
0.000452
0.001357
0.001990
0.003438
0.001719
0.002533
0.000905
0.002533
0.001809
0.003348
0.002352
0.000814
0.004071
0.001990
0.004252
0.002171
0.000905
0.000905
0.000905
0.000905
0.000995
0.000905
0.001086
0.001086
0.001176
0.001357
0.000905
0.001267
0.001538
0.001267
0.001900
0.002805
0.001809
0.002081
0.000362
0.000543
0.000724
0.000271
0.000362
0.000633
0.000724
0.000452
0.000995
0.000362
0.000271
0.001267
0.000633
0.000271
0.002805
0.001629
0.000271
0.001357
0.001629
0.000000
0.000000
0.001538
0.000995
0.000090
0.000000
0.000271
0.001267
0.000724
0.001357
0.001809
0.000995
0.000362
0.000362
0.000181
0.000000
0.000633
0.000000
0.001809
0.000905
0.000905
0.000000
0.000271
0.000090
0.000090
0.000633
0.000271
0.000090
0.000000
0.001176
0.000000
0.000543
0.000000
0.000181
0.000000
0.000452
0.001267
0.000362
0.000000
0.000000
0.000000
0.000000
