221.006508
223.329285
224.203331
223.944381
224.978730
225.211982
226.048517
226.155766
227.045252
227.898988
227.712055
228.299796
228.962973
229.886136
230.090684
230.104155
230.896030
230.979860
231.371238
231.692568
232.104981
232.325694
233.209170
233.530397
233.606040
233.618889
233.939287
234.803593
235.005136
235.667588
235.653806
236.588368
236.954876
237.472258
238.513239
238.450651
238.177505
238.882960
238.727010
239.983523
240.480698
240.968548
241.228119
241.422617
242.009424
242.321532
243.295780
243.475667
244.347538
244.896938
245.335464
245.309870
246.231271
247.141067
247.269557
248.603579
248.829681
249.108423
250.175308
250.851645
251.107901
251.574819
252.308459
253.137844
253.840915
254.338920
256.269386
256.230010
257.055665
257.629728
259.047683
259.255237
260.716920
261.551901
262.416829
263.204041
264.714323
265.697897
267.032126
267.544119
268.801358
270.534011
271.376764
273.454995
274.288214
275.925847
277.289193
279.094485
280.441253
282.007386
283.809984
285.153850
286.851479
289.182650
290.922557
293.932136
295.308850
297.523136
299.943835
302.240811
304.341631
307.388100
310.003607
312.843559
316.424404
319.415746
323.522262
326.571632
330.718457
334.281893
338.980398
343.386483
348.121255
353.329992
359.163773
365.579492
372.051684
379.109337
386.908712
395.865435
405.074993
415.518786
427.286654
439.564649
452.973983
466.312543
480.092945
494.403992
507.831356
521.723877
533.554435
542.159052
546.949054
547.846208
544.200497
532.673238
516.634926
494.235918
466.795315
436.388964
403.923345
369.137850
333.466911
297.842082
261.596666
225.883759
191.521973
160.545497
132.291776
107.607088
86.391747
68.903046
54.702770
42.959047
33.223506
25.728260
19.460201
14.250740
10.361207
7.108117
4.574574
3.017041
1.981345
1.119215
0.730427
0.482876
0.277809
0.181337
0.124449
0.084970
0.074089
0.075851
0.057510
0.051293
0.043003
0.053572
0.060826
0.042692
0.033988
0.031708
0.045490
0.033573
0.024973
0.017719
0.018030
0.017408
0.016061
0.016061
0.018134
0.023004
0.015958
0.013160
0.014093
0.014611
0.019895
0.015854
0.016372
0.016994
0.016994
0.012642
0.014507
0.015958
0.015336
0.013989
0.014921
0.011916
0.015025
0.011606
0.010880
0.010569
0.009637
0.010673
0.011087
0.010880
0.011295
0.009119
0.011502
0.009326
0.007772
0.010155
0.010984
0.014818
0.010051
0.007564
0.005492
0.005596
0.007564
0.006425
0.009430
0.006217
0.005699
0.008082
0.004974
0.007875
0.007564
0.008393
0.006839
0.007150
0.006010
0.006321
0.005803
0.006010
0.004870
0.007150
0.007564
0.005699
0.008497
0.009430
0.008497
0.012227
0.009119
0.009222
0.007046
0.004041
0.004559
0.005906
0.006632
0.005492
0.003938
0.010984
0.005388
0.003212
0.000000
0.000000
0.000000
0.000000
0.000000
0.000000
0.000000
0.000000
0.000000
0.000000
0.000000
0.000000
0.000000
0.000000
0.000000
0.000000
0.000000
0.000000
0.000000
0.000000
0.000000
0.000000
0.000000
0.000000
0.000000
0.000000
