226.399696
228.883407
229.486992
229.994110
230.374995
231.080634
231.551790
231.720181
232.489849
232.456438
233.544178
233.668223
234.164285
234.411769
234.872112
235.257492
235.554546
236.184252
236.637669
237.179656
237.781175
237.786400
238.539301
239.105465
239.558153
240.105850
240.392699
240.582473
241.233926
241.666325
241.925230
242.917232
242.410965
244.135092
244.380268
245.039740
245.480522
246.266591
247.222874
247.298565
247.974196
248.386062
249.134468
249.775594
250.432879
250.850091
251.804916
252.128091
253.594165
253.827070
254.427617
255.468824
256.414902
256.789955
257.904788
258.634362
259.437562
260.505377
261.028046
262.368494
263.177769
263.746120
265.500136
265.903740
267.174451
268.458161
270.070636
270.894854
272.457637
273.856524
275.508849
276.737158
278.194241
279.772697
281.491722
283.075038
284.277225
286.668722
288.047684
290.047119
292.385401
294.672534
296.579147
299.198810
301.467476
304.106457
306.607056
309.589745
312.279268
315.377255
318.276842
321.845620
324.969971
328.849775
332.852896
336.250975
340.676410
345.009024
349.951661
354.459592
359.827581
365.528830
372.006307
378.540158
386.103309
393.817964
403.720491
413.434824
424.445866
436.993814
451.314608
466.508705
484.226606
504.974701
527.527352
550.845054
574.976405
599.938534
618.742231
632.183649
635.506401
628.038380
603.537929
564.612563
514.101972
455.941968
391.013508
327.389290
264.424181
209.779983
161.462488
121.328738
88.382965
63.475508
44.852473
30.670061
20.721973
14.101376
9.431979
6.185283
4.079541
2.645420
1.735670
1.002086
0.636752
0.422193
0.249914
0.147130
0.074598
0.061719
0.047747
0.033168
0.017131
0.017738
0.014579
0.020168
0.012878
0.010813
0.004860
0.005346
0.007168
0.003888
0.004981
0.004374
0.003888
0.005953
0.006318
0.002794
0.003766
0.003523
0.005589
0.004495
0.004252
0.003888
0.005467
0.006561
0.005224
0.006196
0.002308
0.002673
0.004009
0.001701
0.003766
0.002916
0.002308
0.001579
0.002551
0.001093
0.002551
0.001579
0.001093
0.001093
0.000850
0.002308
0.000486
0.002065
0.001579
0.000850
0.001215
0.001944
0.001944
0.000850
0.001458
0.001458
0.001579
0.001093
0.001944
0.001458
0.001336
0.001458
0.001944
0.001701
0.001458
0.001701
0.001701
0.002065
0.002065
0.001336
0.001822
0.002794
0.000972
0.002187
0.001579
0.002551
0.002551
0.003159
0.000972
0.004738
0.003645
0.001093
0.002065
0.000972
0.001093
0.002065
0.002430
0.000850
0.002430
0.001701
0.001215
0.003280
0.002430
0.001822
0.002673
0.004131
0.003402
0.000364
0.003037
0.000972
0.004374
0.001822
0.001093
0.000850
0.000850
0.000972
0.001093
0.001215
0.002430
0.002430
0.000000
0.000000
0.000000
0.000000
0.000000
0.000000
0.000000
0.000000
0.000000
0.000000
0.000000
0.000000
0.000000
0.000000
0.000000
0.000000
0.000000
0.000000
0.000000
0.000000
0.000000
0.000000
0.000000
0.000000
0.000000
0.000000
0.000000
0.000000
0.000000
0.000000
