228.161248
231.560654
232.279437
232.643403
232.779591
233.613770
233.748191
234.059137
234.544633
234.851525
235.308431
235.983551
236.638086
236.786438
237.282226
237.753479
237.865237
238.115885
238.983124
239.259243
239.608655
240.530889
240.327438
240.945379
241.111508
241.567271
242.238648
242.398540
243.184585
243.666338
244.426914
245.036850
245.650633
246.310990
246.564966
247.353403
247.998166
248.385419
249.209930
249.682534
250.586679
251.723696
252.303379
252.670568
253.546228
253.876614
254.936076
255.809968
256.028493
256.779088
258.156461
258.678551
259.480191
260.655777
261.886046
262.442338
263.378815
264.537559
265.256758
266.448770
267.570088
269.342095
270.342403
270.829043
272.038000
274.259948
275.212850
276.924457
278.342063
280.296001
281.545087
283.216148
285.267393
287.017985
288.448586
290.428826
292.199586
294.986768
296.757216
298.884872
301.378989
304.515063
306.388431
309.263876
312.300979
315.194201
318.269249
322.007878
325.290120
329.069085
333.247259
337.648636
341.412423
345.962256
350.414990
355.821873
361.327207
366.989730
373.748100
380.468213
388.349461
396.661314
405.796742
416.742538
427.591756
440.412896
455.003549
471.744106
489.911002
510.074667
532.341246
555.225455
577.080142
597.692813
612.237412
621.728073
619.395094
606.331934
581.045509
543.363558
495.080231
440.360292
381.693180
323.712727
267.453548
215.654900
169.300561
128.832884
95.617389
69.132819
48.693763
33.803703
22.929535
15.697417
10.519974
7.254574
4.812437
3.017766
2.001552
1.266655
0.810892
0.485288
0.282149
0.172678
0.117579
0.075683
0.041896
0.028485
0.035762
0.020480
0.020480
0.009045
0.008109
0.007589
0.004470
0.006030
0.003223
0.005822
0.005822
0.005614
0.003847
0.005614
0.004574
0.003847
0.006550
0.004262
0.003223
0.003119
0.001871
0.001248
0.001975
0.001559
0.001455
0.001663
0.001767
0.001559
0.001871
0.001871
0.001351
0.002079
0.002287
0.003223
0.002495
0.002287
0.003743
0.001663
0.000728
0.001767
0.001767
0.001663
0.001455
0.001248
0.001351
0.001663
0.000936
0.002911
0.001975
0.003015
0.002079
0.000832
0.001351
0.000416
0.000624
0.001144
0.000936
0.000832
0.000312
0.001144
0.001040
0.000936
0.001040
0.000832
0.001144
0.000936
0.001144
0.001040
0.001144
0.001144
0.001144
0.001248
0.002703
0.000832
0.002391
0.002703
0.000416
0.000520
0.000416
0.000416
0.000624
0.000208
0.000208
0.000416
0.000832
0.000416
0.000000
0.000624
0.000728
0.000104
0.000520
0.000728
0.000520
0.000416
0.000728
0.000312
0.000728
0.000208
0.000832
0.000520
0.000728
0.000624
0.000624
0.000624
0.000728
0.000832
0.000832
0.000936
0.001040
0.002079
0.001871
0.001040
0.001871
0.000000
0.000000
0.000000
0.000000
0.000000
0.000000
0.000000
0.000000
0.000000
0.000000
0.000000
0.000000
0.000000
0.000000
0.000000
0.000000
0.000000
0.000000
0.000000
0.000000
0.000000
0.000000
0.000000
0.000000
0.000000
0.000000
0.000000
