224.951556
228.813428
229.054102
229.073906
229.353334
230.275287
230.247524
230.569118
231.420763
231.647508
232.118907
233.133055
233.195024
233.390785
234.295302
234.477987
235.121649
235.383547
235.427513
236.544279
236.809020
236.853460
237.376310
237.294159
238.095016
238.464650
239.049279
239.185061
240.068449
240.006480
240.824488
240.521087
241.061656
241.688735
242.528537
242.838665
243.168786
244.171090
244.684181
245.246638
246.181003
246.318301
246.825138
247.764430
248.511089
248.885744
249.859053
250.337369
250.746799
251.417844
252.155027
252.817450
253.628067
254.515908
255.043780
255.548532
256.578314
257.620035
257.989574
259.338960
259.530931
260.934042
261.701736
262.719673
263.789726
264.366112
266.085984
266.315288
268.276498
269.149652
269.959795
271.510343
272.591576
274.216031
275.472464
276.614908
278.571380
279.472013
281.465344
283.203409
284.747798
286.745109
288.698359
290.616551
293.008700
294.881694
296.663062
299.270775
301.641226
303.770434
306.437179
309.902981
312.265851
315.117934
318.053211
321.486702
325.406752
327.898677
332.169790
336.531771
340.947478
345.443441
350.703307
355.023502
361.941367
367.500560
374.025387
381.022750
390.041302
397.329179
407.260682
418.090259
430.226298
443.148035
457.809163
474.159463
491.223826
509.637291
529.619780
547.759407
564.761802
578.344539
587.645456
588.358951
581.907274
565.357328
540.766687
509.382498
471.385741
429.911716
383.857588
337.598317
292.742443
248.442771
207.906902
168.632961
133.903118
104.753692
80.275998
60.141903
45.010892
32.772424
23.809303
17.187922
12.500272
8.872821
6.103837
4.149449
2.862980
1.984803
1.268656
0.843402
0.581219
0.371718
0.269953
0.192066
0.133603
0.075519
0.066328
0.051262
0.035154
0.040934
0.027194
0.020846
0.034111
0.034490
0.023783
0.020941
0.022172
0.016582
0.012413
0.012413
0.011560
0.010423
0.011370
0.008717
0.009002
0.009191
0.007486
0.008433
0.006822
0.005401
0.004074
0.003506
0.004738
0.004359
0.003695
0.005685
0.004548
0.005211
0.004738
0.003127
0.005117
0.004643
0.007391
0.005496
0.004264
0.003980
0.006254
0.003506
0.005401
0.003885
0.003885
0.004738
0.004359
0.003222
0.005306
0.004264
0.004264
0.004927
0.005496
0.005401
0.003601
0.004359
0.003032
0.003411
0.004169
0.004264
0.004359
0.003316
0.006443
0.002843
0.006443
0.006443
0.003411
0.004548
0.003032
0.003601
0.003885
0.003032
0.005401
0.004738
0.004074
0.007770
0.003411
0.004453
0.004359
0.004264
0.004169
0.004548
0.002843
0.006254
0.005969
0.006348
0.005969
0.004738
0.008054
0.007201
0.002748
0.003222
0.003885
0.004643
0.003980
0.003411
0.003127
0.001516
0.000474
0.000569
0.000663
0.000948
0.000758
0.000474
0.000758
0.001800
0.000000
0.001137
0.001327
0.002558
0.001895
0.000000
0.000000
0.000000
0.000000
0.000000
0.000000
0.000000
0.000000
0.000000
0.000000
0.000000
0.000000
0.000000
0.000000
0.000000
0.000000
0.000000
0.000000
0.000000
