230.393115
233.011367
233.270348
234.119983
235.036641
235.736986
235.709564
236.006936
237.155617
236.589503
237.690961
238.120520
238.557236
239.402317
239.439407
240.210214
241.375999
241.811135
242.050873
242.546711
243.321794
243.742243
244.226274
244.731687
245.497753
246.092590
246.765885
246.719034
248.341614
248.178938
248.884395
249.933332
250.402677
250.976971
251.703344
252.556140
252.936803
254.270470
254.826823
255.932464
255.972436
256.940314
258.301589
258.878579
260.094376
260.626281
262.029574
262.365895
263.781737
264.108763
265.615239
266.669103
267.386087
268.975017
270.263599
271.256390
272.263310
273.704251
275.098619
275.917021
277.786218
278.938339
281.141069
282.756399
284.714093
286.561538
287.918445
290.303745
292.028672
294.593566
296.649052
299.251966
301.516421
303.595982
305.852257
308.241275
311.923896
314.852349
317.317592
320.909672
324.161154
327.651073
332.049562
336.444333
339.808108
344.518100
349.336852
354.875563
359.686786
365.930490
372.476028
379.146502
385.684697
393.227952
401.186637
410.534298
419.442176
429.846769
442.540079
455.073408
470.949132
487.593804
506.945224
527.835841
550.052317
571.650716
592.393902
609.622442
617.774572
619.074588
607.129590
585.462960
548.686765
500.982532
443.279745
379.925117
313.907710
249.985482
191.401547
140.637976
98.611053
67.464111
44.171647
27.676638
16.452249
9.285938
5.317843
2.885507
1.449121
0.699601
0.372761
0.188519
0.101882
0.058749
0.019614
0.014037
0.011527
0.009946
0.007901
0.008831
0.006042
0.004834
0.004090
0.006600
0.002789
0.003068
0.002510
0.002789
0.004741
0.002510
0.001115
0.002417
0.001487
0.001766
0.001766
0.001766
0.001766
0.002138
0.002231
0.001952
0.001673
0.001673
0.002417
0.002231
0.002882
0.002603
0.002696
0.002975
0.003161
0.004090
0.005577
0.005020
0.000651
0.000651
0.000651
0.000558
0.000744
0.000744
0.000372
0.001115
0.000558
0.000465
0.001115
0.000651
0.000744
0.001023
0.000279
0.001394
0.000651
0.001023
0.000279
0.000837
0.000744
0.000837
0.001394
0.000837
0.001023
0.000744
0.001115
0.000465
0.001208
0.001580
0.001115
0.001208
0.000279
0.002138
0.001859
0.002138
0.002696
0.000279
0.000279
0.000279
0.000372
0.000279
0.000372
0.000279
0.000372
0.000558
0.000000
0.000279
0.000465
0.000372
0.000279
0.000372
0.000372
0.000651
0.000465
0.000186
0.000372
0.000558
0.000186
0.000558
0.000465
0.000651
0.000000
0.000651
0.000558
0.000000
0.000837
0.000372
0.000465
0.000465
0.000465
0.000372
0.000651
0.000372
0.000279
0.000930
0.000651
0.000558
0.000651
0.000744
0.000651
0.000651
0.000744
0.000744
0.000837
0.000744
0.000930
0.001023
0.001301
0.002603
0.002417
0.000000
0.000000
0.000000
0.000000
0.000000
0.000000
0.000000
0.000000
0.000000
0.000000
0.000000
0.000000
0.000000
0.000000
0.000000
0.000000
0.000000
0.000000
0.000000
0.000000
0.000000
0.000000
0.000000
0.000000
0.000000
