223.713054
226.769703
226.984770
227.907491
228.536539
228.757969
229.470518
229.621075
230.176900
230.488586
231.397602
231.806787
232.440828
232.392567
232.942128
233.501967
233.936114
234.775041
235.453426
235.412605
235.428170
236.194853
236.919932
236.756944
237.655878
237.051596
238.334165
238.913191
238.780940
239.141179
239.556727
239.845701
240.300699
240.658393
241.363209
242.232971
242.282602
243.064458
243.873136
243.970147
244.142239
245.025902
245.199267
246.268531
246.384826
247.119597
248.082845
248.450524
249.244323
249.947670
250.322006
250.962409
252.288540
252.471596
253.188746
254.264374
254.445081
255.105943
256.435696
257.304969
257.650916
259.065344
259.550101
261.001532
261.603758
262.514341
264.000328
264.875670
265.921930
266.717295
267.806823
268.572821
269.822694
271.687421
272.492282
274.265285
275.428623
276.764249
278.318662
280.153826
281.247172
282.757435
284.886664
286.728583
288.552882
291.169119
293.259387
294.932346
297.670947
299.348800
302.017801
304.387744
307.178717
309.284159
312.191328
315.086849
318.973615
321.820679
325.087892
328.985817
331.990780
336.301317
341.103364
345.822106
350.783422
355.351608
360.925624
368.480565
374.364015
381.058591
388.927371
398.071671
407.687905
418.223335
430.279406
444.086455
459.074266
475.631957
494.430472
512.601506
531.676662
550.301812
566.276561
579.115663
585.699132
584.637895
575.603722
558.245772
532.604278
501.208158
462.586305
421.594509
378.032778
334.138217
290.223687
250.147074
211.666674
175.959724
144.380646
115.840303
90.958541
70.299312
52.329346
38.338556
27.303391
18.958665
12.973800
8.545696
5.689626
3.679432
2.339108
1.563614
0.989189
0.643340
0.358967
0.229261
0.155843
0.107093
0.069601
0.049239
0.040331
0.030738
0.027997
0.030248
0.022515
0.027801
0.020655
0.021047
0.013411
0.010866
0.011649
0.009789
0.010181
0.011649
0.011845
0.012236
0.010376
0.012236
0.009104
0.006754
0.011062
0.007440
0.009006
0.009593
0.012041
0.011062
0.010474
0.009887
0.011160
0.011649
0.009691
0.007636
0.008419
0.006950
0.011551
0.009202
0.009006
0.006559
0.006461
0.007048
0.005873
0.006950
0.008321
0.011453
0.007342
0.004895
0.008027
0.006265
0.004699
0.005482
0.007342
0.004307
0.004307
0.004111
0.004699
0.004209
0.005873
0.004111
0.006461
0.006363
0.008027
0.004111
0.003622
0.003720
0.004307
0.003720
0.002839
0.004601
0.004209
0.005678
0.003328
0.003818
0.002545
0.002741
0.003818
0.002741
0.004895
0.003426
0.003328
0.004111
0.003524
0.005873
0.003916
0.008223
0.004992
0.006069
0.004797
0.007342
0.004895
0.002545
0.004895
0.004699
0.002937
0.001077
0.001273
0.001664
0.003035
0.000000
0.000000
0.000000
0.000000
0.000000
0.000000
0.000000
0.000000
0.000000
0.000000
0.000000
0.000000
0.000000
0.000000
0.000000
0.000000
0.000000
0.000000
0.000000
0.000000
0.000000
0.000000
0.000000
0.000000
0.000000
0.000000
0.000000
0.000000
0.000000
0.000000
0.000000
