216.518069
219.225037
220.025550
220.274879
220.719619
221.641272
222.435628
222.167831
222.690319
223.041623
223.956027
224.700736
224.336126
224.842330
225.845801
225.305341
226.332741
226.813923
226.776588
227.687814
228.016082
229.143374
228.980034
229.355566
229.695253
230.890759
231.267086
231.578077
231.876060
231.990248
232.179504
233.177613
233.852220
234.215638
234.489592
234.481450
234.509252
235.318106
235.645877
235.465459
235.780123
236.507556
236.846746
237.316508
237.261102
237.882785
238.387698
238.702263
239.176196
239.316202
240.025066
240.577144
241.041743
241.655780
241.722506
242.560255
243.157611
243.587358
244.027233
244.698563
245.131885
245.543461
246.521115
247.206546
247.262647
247.861393
248.568271
249.870619
250.412172
251.357059
252.215361
252.222510
253.633486
253.880332
254.424864
255.459414
256.138688
256.973656
257.741402
258.845160
259.064502
260.678436
261.646657
261.878808
263.006894
264.030521
265.228709
266.225924
267.364237
268.441285
269.748499
270.677002
272.201670
273.545523
274.919561
276.600916
277.812906
279.512332
281.061824
282.603174
284.510722
286.031716
288.170323
290.139731
292.228492
294.632612
296.134244
298.516420
300.900184
303.030152
305.827181
309.027544
312.233667
314.469185
318.129779
321.056982
324.897200
328.226249
332.393642
336.199206
341.196106
345.636460
350.619558
356.466618
362.204355
368.661481
375.255435
382.636993
390.521479
399.738696
409.836954
420.578045
431.385961
443.134197
456.506693
468.449447
482.021724
494.955935
506.272835
517.813644
525.549486
531.534267
535.499398
533.454525
528.588396
518.259477
503.545312
483.495157
459.624543
432.106045
405.284000
374.471504
339.558242
305.306480
270.044595
232.765441
196.729157
161.067413
128.383810
98.530301
74.457425
53.712108
38.416673
26.972775
18.888409
13.108373
9.327633
6.708838
5.050618
4.108114
3.482757
2.802391
2.456647
2.127485
1.910328
1.824736
1.596260
1.437587
1.350108
1.224997
1.136426
1.008932
0.920858
0.877565
0.825634
0.790583
0.710353
0.657727
0.568859
0.508289
0.452783
0.448514
0.349517
0.323402
0.295699
0.236619
0.170489
0.146956
0.150828
0.124515
0.103862
0.095720
0.067620
0.065038
0.060173
0.057988
0.054314
0.042796
0.035945
0.037633
0.025122
0.021150
0.022143
0.022143
0.020058
0.025221
0.022540
0.018171
0.022143
0.020554
0.021348
0.020455
0.022738
0.019859
0.024029
0.023235
0.024228
0.026015
0.023434
0.022540
0.026114
0.020852
0.022441
0.020951
0.026015
0.021448
0.023533
0.016185
0.030384
0.020951
0.024327
0.027802
0.025618
0.028498
0.023831
0.017774
0.017873
0.021050
0.019561
0.021646
0.016781
0.020653
0.017575
0.015192
0.016384
0.009731
0.011220
0.010128
0.007745
0.010029
0.001688
0.001887
0.002880
0.003872
0.000993
0.000993
0.001192
0.001291
0.002979
0.001291
0.000000
0.000000
0.000000
0.000000
0.000000
0.000000
0.000000
0.000000
0.000000
0.000000
0.000000
0.000000
0.000000
0.000000
0.000000
0.000000
0.000000
0.000000
