221.221189
224.295434
225.465832
225.744429
226.312676
226.333419
226.703196
227.466756
227.150466
228.085016
229.148546
229.402294
230.057406
230.951419
230.759371
231.308983
231.945774
232.695436
232.551610
232.812413
232.918966
233.469314
234.461247
234.353747
235.112358
235.312724
235.555838
235.887079
236.980827
236.331401
237.383454
237.664577
237.197092
237.878315
238.962482
238.747481
239.186959
239.712460
240.017062
240.601104
241.299700
241.690956
242.033884
242.608765
243.136582
243.286935
244.038808
245.087387
245.745342
246.520273
247.352798
247.519155
248.138574
248.372106
249.540925
249.567774
250.112543
251.411079
251.833290
252.407118
252.849124
253.442431
254.680847
254.710538
255.875462
256.360952
257.214535
257.289291
258.469481
259.782021
260.220237
261.600793
262.441847
263.528119
264.556482
265.679185
266.740188
267.771815
269.434233
270.371941
271.651210
273.526628
274.908869
276.104854
277.393914
279.206263
280.815299
282.445286
283.946610
285.758223
287.836007
288.846050
291.329831
292.988247
295.375794
297.881475
300.487182
302.524640
305.855476
307.831656
310.981183
313.888123
316.443396
320.112632
323.698900
326.865484
330.924187
334.836326
339.691439
343.435957
348.963871
354.318056
359.743944
366.579238
373.015695
380.562009
388.253939
397.578489
406.751949
417.162455
428.900032
440.686673
453.452087
465.384975
479.010499
491.747063
504.676623
515.221058
525.228727
533.723385
539.905041
541.618313
539.224133
529.132759
515.165149
494.282752
468.477857
439.338440
406.683510
370.956336
335.303917
299.354582
263.052315
226.294461
193.378519
161.258986
133.323767
108.949651
88.283203
70.629300
56.066593
44.550651
34.574569
26.531183
20.085250
14.564496
10.182555
7.094938
4.377519
2.794175
1.880472
1.095222
0.655954
0.419053
0.262487
0.181414
0.129611
0.093602
0.079915
0.068754
0.059383
0.053487
0.047801
0.041484
0.035483
0.027902
0.032745
0.029797
0.028007
0.023269
0.027165
0.018952
0.022743
0.022321
0.022427
0.019373
0.020005
0.019373
0.022216
0.017689
0.026954
0.025269
0.022216
0.017478
0.015899
0.015583
0.020216
0.014741
0.017267
0.017794
0.015583
0.020216
0.017373
0.017162
0.011898
0.015162
0.013793
0.034746
0.019057
0.020426
0.016741
0.014635
0.013056
0.014425
0.014635
0.017057
0.015688
0.011371
0.012951
0.015793
0.014635
0.015583
0.011371
0.014741
0.017689
0.012424
0.010529
0.012424
0.010740
0.012635
0.010108
0.013372
0.015372
0.010318
0.016109
0.017689
0.017899
0.024532
0.014319
0.014951
0.018320
0.019479
0.021795
0.021163
0.013793
0.010213
0.013161
0.009055
0.011477
0.010213
0.014741
0.015793
0.015478
0.010108
0.014846
0.013161
0.008423
0.003159
0.004949
0.001790
0.003053
0.000105
0.000737
0.004738
0.000000
0.000737
0.001369
0.000632
0.001474
0.003896
0.002316
0.002843
0.001158
0.000526
0.004212
0.000842
0.000000
0.003264
0.000842
0.000000
0.000421
0.003053
0.002001
0.000842
0.001579
0.003475
0.001895
0.001474
