226.857216
228.915448
229.743339
230.224601
230.819162
231.445931
231.869819
232.392817
232.759434
233.446789
233.644389
234.005206
234.307199
234.489678
235.451167
235.818612
235.517448
236.534757
236.957195
237.258359
238.164959
238.761591
239.241403
239.320215
240.313498
240.330483
240.902052
241.089814
241.140146
242.343042
242.697335
243.131890
243.943107
244.881500
244.488268
245.222122
246.570319
247.052099
247.233647
248.289585
248.529543
249.178993
249.374729
250.122979
250.814580
251.540253
252.428315
253.267494
253.476279
254.379668
254.935289
255.706116
256.944742
257.936471
258.360670
260.333979
260.545146
261.221212
261.644478
262.918108
264.416369
264.973129
266.229672
267.679775
268.199460
269.868187
271.691328
271.970951
274.088732
275.311927
276.934257
278.542607
279.781025
281.513962
282.689103
284.742985
286.554941
288.373940
290.068662
292.713687
295.167223
297.008177
299.431989
301.874754
304.422533
307.090239
308.983079
312.362684
315.577311
318.482075
322.138714
325.655852
329.064662
332.589878
337.253573
340.974940
345.836132
350.139735
355.571461
360.051020
366.227579
372.240610
378.416754
385.704037
393.584328
402.197541
412.132750
422.005612
434.327661
447.891752
463.366083
480.289274
501.145309
522.991831
548.039206
574.006022
601.436302
625.175456
643.489409
653.797344
651.141341
632.923496
597.951062
545.311018
480.305740
404.460519
328.857430
257.065809
193.867205
138.554174
96.879490
65.310999
43.064099
27.815331
17.848743
11.690101
7.375727
4.687722
2.986994
1.906614
1.175555
0.717906
0.422023
0.263985
0.195011
0.121170
0.074048
0.063899
0.052921
0.039251
0.042772
0.030966
0.026823
0.020506
0.018227
0.011185
0.013153
0.015224
0.018331
0.011806
0.009528
0.008389
0.011392
0.009631
0.004557
0.005385
0.004143
0.005075
0.005075
0.005385
0.005592
0.007457
0.004971
0.006110
0.005903
0.003521
0.004453
0.004143
0.004350
0.006421
0.005178
0.004453
0.003210
0.005178
0.003210
0.003935
0.003625
0.003314
0.006110
0.005178
0.003107
0.005903
0.006317
0.013153
0.015224
0.002175
0.001243
0.004557
0.002486
0.001036
0.000932
0.001657
0.001139
0.001553
0.001243
0.001553
0.001139
0.001968
0.001761
0.001553
0.001864
0.002278
0.003418
0.001864
0.000829
0.000725
0.000725
0.000932
0.000829
0.001139
0.000518
0.000932
0.000932
0.000621
0.001243
0.001036
0.000725
0.001036
0.001346
0.001036
0.001036
0.000829
0.001657
0.001036
0.000621
0.002278
0.002071
0.000000
0.001864
0.002693
0.004039
0.000311
0.000829
0.000207
0.000829
0.000725
0.000621
0.000621
0.000621
0.000829
0.000829
0.000829
0.000932
0.001139
0.001243
0.001450
0.002589
0.001243
0.000000
0.000000
0.000000
0.000000
0.000000
0.000000
0.000000
0.000000
0.000000
0.000000
0.000000
0.000000
0.000000
0.000000
0.000000
0.000000
0.000000
0.000000
0.000000
0.000000
0.000000
0.000000
0.000000
0.000000
0.000000
0.000000
0.000000
0.000000
0.000000
0.000000
