219.376844
222.155877
223.510566
223.917450
224.411503
225.138302
225.690069
225.750072
226.099242
226.607027
227.046848
227.685186
228.245808
228.549006
229.103858
229.185055
229.865684
229.960514
230.569497
230.886029
231.099571
231.556110
232.213453
232.380526
232.544414
233.626254
234.117919
234.422908
234.583612
235.099058
235.402157
235.813818
236.408671
236.813565
237.243336
237.170994
237.485437
237.943169
238.456924
239.245219
239.404629
240.223075
240.923605
241.414373
241.264317
242.169433
242.470939
243.230576
243.490588
244.210820
244.748755
244.740894
245.583222
246.065532
246.170811
247.690383
248.125826
248.296182
248.836804
249.704207
250.389413
251.297415
251.531953
252.633794
252.970327
253.087945
254.097842
254.927233
255.624678
256.478747
257.406551
258.108275
259.235391
260.349373
260.828698
262.270157
263.449117
263.753808
265.111581
266.363181
267.336758
268.340784
270.074098
270.990359
272.131008
273.621724
275.134032
276.530613
278.128199
279.784793
281.426858
282.525516
284.644220
286.096127
288.140799
289.835006
292.094911
294.386160
296.179974
298.170314
300.783270
303.453741
306.669411
308.775279
311.676308
315.093081
318.258500
321.649303
324.862187
328.712314
332.917980
336.572476
341.676094
345.578263
350.903582
357.184965
362.779252
369.323035
375.937468
383.649863
392.285881
400.836125
411.329044
421.630314
433.415631
446.513148
458.663060
473.425429
487.616429
502.035400
514.377161
525.551804
533.351366
537.795351
538.022526
533.648196
526.097799
513.918832
497.531213
476.184263
450.133514
420.182785
387.092409
351.376838
315.898392
279.653841
247.035229
214.287157
186.111634
159.899286
135.977988
114.053996
93.367374
74.228285
57.158148
42.496679
30.634442
21.194804
14.053282
9.197437
5.771509
3.567030
2.298215
1.445539
0.990692
0.711276
0.518133
0.448976
0.383998
0.332652
0.294441
0.238220
0.185979
0.153937
0.128663
0.106672
0.087865
0.072342
0.061694
0.051445
0.042091
0.025772
0.025076
0.029156
0.024777
0.020996
0.018807
0.023683
0.031245
0.022389
0.027165
0.021195
0.023683
0.022091
0.028658
0.019901
0.035524
0.021095
0.023185
0.019006
0.023782
0.027165
0.017215
0.022688
0.015424
0.016319
0.017812
0.015822
0.017314
0.018508
0.018210
0.020697
0.023683
0.019702
0.020100
0.017712
0.015623
0.013831
0.019702
0.018707
0.015324
0.012140
0.014727
0.011941
0.014628
0.013732
0.013334
0.014528
0.016120
0.012438
0.013632
0.007264
0.010249
0.010349
0.009354
0.008657
0.011344
0.009652
0.008856
0.008259
0.009155
0.011145
0.011145
0.012339
0.013632
0.014727
0.011642
0.009553
0.013632
0.011841
0.013334
0.009553
0.006070
0.006766
0.008657
0.008160
0.005871
0.006965
0.006269
0.003582
0.004677
0.003682
0.004876
0.001294
0.001791
0.000000
0.000000
0.000000
0.000000
0.000000
0.000000
0.000000
0.000000
0.000000
0.000000
0.000000
0.000000
0.000000
0.000000
0.000000
0.000000
0.000000
0.000000
0.000000
0.000000
0.000000
0.000000
0.000000
