226.800361
229.578885
229.772596
230.628216
231.854111
232.420774
232.524997
233.141494
233.777148
234.083521
234.304158
234.281116
234.629956
235.692683
235.480486
236.515617
236.831769
236.793054
236.989042
237.370434
238.082715
237.988003
239.297892
239.641507
239.933144
240.706110
240.393307
240.863516
241.352347
242.227794
242.136833
242.320497
243.839368
244.104212
244.718566
245.120991
245.650010
246.406364
247.422875
247.797971
248.306092
249.121792
249.307866
249.982771
250.642539
251.284087
252.541998
252.910530
254.086054
254.195234
254.746625
255.149586
256.333282
257.136389
258.238904
258.202064
259.990870
259.987789
261.279995
261.784767
262.830615
263.799167
265.009254
266.067159
266.912598
267.814034
269.016083
270.693567
272.304068
273.740552
274.841727
276.596373
277.707193
279.624336
281.139858
282.621889
284.028634
286.142970
288.287180
289.839407
291.482730
293.698744
295.863852
298.789467
300.622615
303.361487
306.277055
309.115058
311.398054
313.998541
317.782189
320.628364
324.468678
328.067725
331.594699
336.097460
340.293311
344.538193
349.565954
354.809663
360.171527
365.846194
373.053665
379.560510
386.593160
396.226162
404.792687
415.111043
426.823284
440.389705
455.047923
470.398194
487.795149
507.396196
526.453085
545.294161
562.492985
578.302078
588.106821
592.188670
589.234253
577.213228
556.544899
527.096777
488.902620
443.085306
392.972338
341.943064
290.532933
243.911842
201.798601
164.696510
133.002366
106.644901
84.197813
64.957127
48.979508
36.491890
26.512058
18.837190
13.183287
8.955552
6.054988
3.974545
2.711811
1.692621
1.105998
0.710539
0.475434
0.279313
0.222914
0.151110
0.093104
0.066714
0.040055
0.034696
0.030945
0.028802
0.022238
0.014602
0.015808
0.013396
0.012459
0.016477
0.012726
0.008306
0.008440
0.009377
0.009377
0.008172
0.008306
0.008842
0.008842
0.010449
0.011253
0.016879
0.012057
0.010717
0.006966
0.009109
0.005894
0.004555
0.005894
0.004689
0.005492
0.001072
0.001474
0.001340
0.001340
0.002143
0.000804
0.001340
0.001875
0.001608
0.001608
0.001474
0.001875
0.001340
0.001206
0.001875
0.002277
0.001608
0.001608
0.002009
0.001608
0.001608
0.001340
0.002277
0.002009
0.001608
0.002143
0.001742
0.001875
0.001875
0.001875
0.002411
0.001742
0.002277
0.001875
0.003081
0.001608
0.002411
0.002679
0.002679
0.001072
0.001875
0.001742
0.001875
0.001474
0.002143
0.002143
0.001875
0.002143
0.003483
0.001875
0.002143
0.003349
0.002277
0.001474
0.003215
0.004019
0.001742
0.003617
0.001875
0.002813
0.000938
0.004421
0.001474
0.003349
0.002947
0.003885
0.002947
0.003885
0.005225
0.006430
0.001742
0.001742
0.003215
0.000000
0.000402
0.001072
0.000000
0.000670
0.000000
0.001072
0.000000
0.000000
0.000000
0.002947
0.000000
0.001340
0.000670
0.000000
0.000938
0.000134
0.000000
0.000268
0.000536
0.000000
0.001206
0.000000
0.000000
0.000134
0.000670
0.000670
0.000402
0.000000
0.000000
