221.811731
224.361556
224.600407
225.266385
225.689091
226.723752
227.155085
227.163280
228.594767
228.452211
229.470373
229.605703
230.576850
230.054505
230.818073
231.475101
232.042520
232.732437
233.664440
233.137459
233.880214
234.175893
234.618009
235.003621
234.980329
234.770701
236.215559
236.269260
236.417207
236.544666
237.008241
237.709589
238.663590
238.241962
238.949779
239.181729
239.750333
240.216928
240.560700
241.105151
241.577784
242.266515
242.774086
242.944247
243.850262
244.061184
244.364087
245.722787
246.068608
247.008483
247.124403
247.706919
248.869793
249.112849
249.224241
250.290172
250.627798
251.131811
252.387206
252.881298
253.103003
254.458359
254.852166
255.592010
256.910380
257.232694
257.964666
258.697824
259.482527
260.433508
261.111025
261.675963
263.291953
264.428946
265.744836
266.255318
267.814803
269.370190
270.025493
271.349793
272.787534
274.009716
275.816678
276.866004
278.231604
279.893638
281.512108
282.934321
285.203241
287.180040
288.767238
290.956900
293.113457
295.070955
297.108033
299.482737
301.405512
304.581633
306.796313
309.697890
312.641954
315.671853
319.240703
322.526490
325.651498
329.813754
332.692794
337.871595
341.761249
346.883436
352.016839
357.167495
363.360683
369.658145
377.006551
384.115567
392.784930
402.013732
411.788925
423.764672
434.843677
448.075034
462.540651
477.389723
492.976374
507.457303
521.075243
533.704890
544.689973
552.422373
555.592779
553.977436
544.190597
528.959472
507.206052
479.254160
446.739519
410.036527
372.152437
334.746802
297.617869
262.706310
228.861546
195.707238
164.421358
136.336076
111.053273
88.985412
69.879298
54.534840
42.527175
33.053268
24.993702
19.534212
14.595124
10.928254
7.818019
5.491517
3.698897
2.413632
1.560887
0.972009
0.618208
0.350782
0.201972
0.131557
0.097805
0.071925
0.055318
0.039359
0.041408
0.037526
0.031272
0.030625
0.035261
0.030409
0.023723
0.025556
0.021998
0.022968
0.015204
0.019302
0.021567
0.022753
0.010568
0.014665
0.015312
0.008519
0.012724
0.009274
0.007872
0.009166
0.011754
0.010999
0.009813
0.009058
0.009489
0.008195
0.008195
0.007656
0.009274
0.007009
0.012509
0.006470
0.010244
0.010675
0.008950
0.012185
0.005823
0.006901
0.006039
0.006470
0.007333
0.006901
0.005823
0.005176
0.005607
0.005931
0.006470
0.005068
0.007333
0.004098
0.004098
0.004852
0.004313
0.003666
0.005068
0.006254
0.004313
0.005931
0.006578
0.007009
0.006362
0.003882
0.004960
0.008087
0.006362
0.001725
0.009058
0.005823
0.009489
0.004421
0.002480
0.002480
0.001833
0.001941
0.003451
0.002157
0.002372
0.003774
0.003127
0.003127
0.004098
0.004205
0.005176
0.007440
0.001941
0.002372
0.003774
0.002911
0.003558
0.000000
0.000000
0.000000
0.000000
0.000000
0.000000
0.000000
0.000000
0.000000
0.000000
0.000000
0.000000
0.000000
0.000000
0.000000
0.000000
0.000000
0.000000
0.000000
0.000000
0.000000
0.000000
0.000000
0.000000
0.000000
0.000000
0.000000
