227.453962
229.827936
231.051063
231.287384
231.552924
231.996859
232.679165
233.118999
233.810019
234.490788
234.090939
235.005465
235.742622
235.570379
235.985094
236.805297
237.417373
237.192330
237.580388
237.659845
238.444164
238.978321
239.394061
240.154286
241.249769
240.890418
241.681914
241.666022
242.445215
243.086510
243.416129
243.743698
244.866350
244.651047
245.389229
246.139202
247.232122
248.264039
248.702848
249.322613
250.041316
250.227912
251.015819
251.630458
252.259964
252.756186
253.657384
254.973296
255.551026
256.530143
257.091469
257.911672
258.996902
259.543362
260.044199
260.802373
261.387793
262.403306
263.903764
264.518916
265.492907
266.730387
268.285184
268.815240
271.046703
271.619820
273.641619
274.328539
276.031997
277.389432
278.913471
280.507740
282.465461
284.543137
285.733968
287.911606
289.953398
291.200618
293.996484
295.814258
297.899110
300.653965
302.901321
305.059991
308.226486
310.928540
313.692623
316.426973
320.041504
323.432016
326.623117
330.889708
334.099776
338.657539
343.009739
347.184057
352.302634
357.655993
363.559401
369.222387
376.781579
383.476995
390.981849
399.686761
409.739882
420.614742
432.291351
445.983608
461.075848
478.348288
497.026864
518.126575
539.100180
560.994462
581.669718
598.930369
611.435382
614.883821
608.048971
590.825230
564.531073
526.378325
480.442881
427.544941
373.265986
316.364946
260.736757
209.745789
163.891852
125.271076
93.033527
67.090007
47.836264
34.281904
23.714619
16.196438
11.034800
7.204454
4.642347
3.114719
1.860835
1.168789
0.748947
0.447010
0.257339
0.194798
0.142510
0.099962
0.068692
0.065104
0.046136
0.043061
0.025119
0.021018
0.015379
0.011278
0.017429
0.015891
0.014866
0.009740
0.012303
0.012303
0.007689
0.007689
0.009227
0.008715
0.010253
0.008202
0.006152
0.005639
0.006152
0.003588
0.005126
0.003076
0.005126
0.009740
0.003076
0.002563
0.003588
0.003588
0.003076
0.007689
0.005639
0.003588
0.005126
0.006152
0.008202
0.001025
0.011278
0.002051
0.003076
0.001538
0.002563
0.003076
0.003076
0.004614
0.004614
0.000513
0.000513
0.001025
0.000513
0.001025
0.001025
0.001025
0.000513
0.000513
0.001025
0.001538
0.001538
0.001025
0.001538
0.001538
0.001538
0.001538
0.001538
0.002563
0.004101
0.000513
0.000000
0.000513
0.000513
0.000513
0.000513
0.000513
0.000513
0.000000
0.000000
0.000513
0.000000
0.001025
0.000000
0.001025
0.000000
0.001025
0.000000
0.001025
0.000000
0.001025
0.000000
0.001025
0.000513
0.000513
0.000513
0.000513
0.000513
0.000000
0.001025
0.001025
0.001025
0.000513
0.001025
0.001025
0.001025
0.001025
0.001538
0.002051
0.002051
0.000000
0.000000
0.000000
0.000000
0.000000
0.000000
0.000000
0.000000
0.000000
0.000000
0.000000
0.000000
0.000000
0.000000
0.000000
0.000000
0.000000
0.000000
0.000000
0.000000
0.000000
0.000000
0.000000
0.000000
0.000000
0.000000
0.000000
0.000000
0.000000
0.000000
0.000000
