226.938006
230.099118
230.347773
231.107618
231.613616
232.345001
233.488713
233.524563
234.526672
234.612553
235.059433
235.399561
235.903461
236.663307
237.151230
237.753993
237.838576
237.984573
238.419969
238.496462
239.319919
240.048508
240.265607
240.734456
241.385652
242.039744
241.994906
243.045848
243.410142
243.817676
244.656512
245.219131
245.564152
246.256591
247.729147
247.249313
248.124998
248.699101
249.408816
250.117932
250.384861
250.768129
251.395558
252.219315
253.097696
254.243006
255.205070
255.773781
256.620506
257.250132
257.812252
258.699820
259.699732
260.294307
260.999228
262.387901
262.790342
264.389422
265.324225
265.613224
267.098962
267.983733
269.615469
270.749994
272.286461
273.380443
275.345315
276.686454
277.755370
279.671411
280.699184
282.859086
284.018876
285.501518
288.123279
289.097927
291.827138
293.791412
296.349162
298.635488
301.054930
303.445612
306.102524
308.353999
311.677885
314.798454
317.759444
321.178798
324.780898
328.265162
331.944754
335.885984
340.231652
344.460782
349.179732
354.176996
359.348817
364.862064
370.817199
378.246686
385.548951
392.653589
401.892366
412.629562
422.720955
436.522698
449.445361
464.778479
482.558400
501.695537
522.869048
545.061245
566.387643
589.421971
607.369460
620.519707
624.892138
619.353026
601.407135
571.795237
529.413065
474.922099
415.188910
351.092777
288.900700
230.423967
177.721519
132.455849
95.882014
67.075897
45.174097
29.362045
18.589797
11.506329
7.002480
4.331887
2.467176
1.462470
0.887768
0.527168
0.322053
0.185842
0.131817
0.085381
0.053825
0.044838
0.026064
0.021870
0.020172
0.009487
0.007689
0.014879
0.009587
0.004693
0.007989
0.012183
0.003695
0.005792
0.005592
0.006990
0.004494
0.006990
0.006291
0.006491
0.008688
0.008388
0.007090
0.007290
0.007390
0.005393
0.006092
0.006092
0.005093
0.002696
0.002796
0.004494
0.002497
0.005492
0.001698
0.001997
0.003096
0.001897
0.004993
0.001198
0.001997
0.001198
0.000599
0.001398
0.001798
0.001897
0.001897
0.001997
0.000699
0.002996
0.002397
0.002896
0.001798
0.000999
0.000699
0.000699
0.001198
0.000899
0.000999
0.000999
0.000799
0.001198
0.000999
0.001098
0.000999
0.001098
0.001098
0.001198
0.001198
0.001398
0.001498
0.001698
0.002097
0.003395
0.000699
0.000200
0.000499
0.000399
0.000499
0.000300
0.000599
0.000399
0.000499
0.000699
0.000100
0.000599
0.000499
0.001098
0.000599
0.000300
0.000799
0.000699
0.000799
0.000000
0.001598
0.000799
0.000899
0.000999
0.000000
0.002596
0.001398
0.002596
0.000000
0.000000
0.000000
0.000000
0.000000
0.000000
0.000000
0.000000
0.000000
0.000000
0.000000
0.000000
0.000000
0.000000
0.000000
0.000000
0.000000
0.000000
0.000000
0.000000
0.000000
0.000000
0.000000
0.000000
0.000000
0.000000
0.000000
0.000000
0.000000
0.000000
0.000000
0.000000
0.000000
0.000000
0.000000
0.000000
0.000000
0.000000
0.000000
0.000000
0.000000
0.000000
