224.971661
228.042563
229.024696
229.473753
230.204032
230.910450
230.955519
231.146297
231.985781
232.737268
232.977907
233.850020
233.967179
234.866414
234.825322
234.881709
235.450882
235.223193
235.622694
236.564552
236.754106
237.236914
237.388435
237.988503
238.601725
239.664615
239.556328
239.931154
240.010687
240.668366
241.442082
241.947424
242.676989
243.102900
243.612422
244.215142
244.608219
245.572611
246.285861
246.612662
247.283902
247.874487
248.503208
249.101543
249.401526
249.947654
250.841384
251.224571
251.818929
252.821150
253.617911
254.321780
254.774610
255.907551
256.418501
257.217912
259.054315
259.138947
259.886967
261.069871
261.763646
262.985501
263.924810
264.983418
265.645277
267.171602
267.738022
269.363763
270.348956
270.944640
273.278227
274.047151
275.531058
277.734537
278.507947
279.973092
281.871796
283.086208
285.824905
286.663777
289.535234
291.134872
293.529639
295.660111
298.056917
299.925643
302.355894
304.946333
307.658723
310.173606
313.029869
316.515568
319.640715
322.292538
326.613845
330.268398
333.951502
337.756863
342.103254
346.556708
352.190824
357.216307
362.528721
368.912285
375.911110
382.731189
390.723976
398.875320
408.643738
419.109500
431.793118
444.204385
459.839809
476.675063
495.702682
516.604330
536.790076
557.719356
577.131590
594.279471
605.663944
610.375372
606.437252
590.477883
564.362830
526.295764
479.744639
425.678029
367.768229
310.935392
256.389033
206.653009
162.933881
126.820477
96.918316
72.722360
53.972394
38.905123
27.692768
19.408665
13.398296
9.015299
6.180856
4.167951
2.616950
1.669689
1.143036
0.682661
0.472305
0.271433
0.188841
0.130720
0.083714
0.060058
0.031507
0.040378
0.023044
0.018660
0.014173
0.012440
0.010502
0.013765
0.012644
0.013052
0.008463
0.009891
0.009687
0.012746
0.013154
0.011624
0.007342
0.008157
0.009279
0.007443
0.011012
0.011930
0.011012
0.008565
0.007342
0.008871
0.008157
0.013154
0.001529
0.007138
0.009687
0.009687
0.009381
0.007342
0.011828
0.008259
0.005200
0.001326
0.002549
0.002141
0.003671
0.003059
0.000714
0.006526
0.002651
0.002039
0.000714
0.002141
0.003977
0.002753
0.000510
0.001224
0.000918
0.000816
0.000816
0.000612
0.001020
0.001020
0.000918
0.000918
0.001224
0.001122
0.001020
0.001224
0.001224
0.001224
0.002753
0.001020
0.001326
0.003671
0.001428
0.000816
0.000102
0.000408
0.000408
0.000714
0.000408
0.000306
0.000306
0.000918
0.000510
0.000306
0.000306
0.000714
0.000306
0.001020
0.000612
0.000510
0.000612
0.000510
0.000816
0.000510
0.000306
0.001428
0.000816
0.000918
0.001020
0.001020
0.001326
0.001733
0.002651
0.000000
0.000000
0.000000
0.000000
0.000000
0.000000
0.000000
0.000000
0.000000
0.000000
0.000000
0.000000
0.000000
0.000000
0.000000
0.000000
0.000000
0.000000
0.000000
0.000000
0.000000
0.000000
0.000000
0.000000
0.000000
0.000000
0.000000
0.000000
0.000000
0.000000
0.000000
0.000000
0.000000
