228.524825
232.095449
232.376292
232.730473
233.373702
233.396814
234.536796
234.526391
234.924894
235.563620
236.310202
236.246769
236.769737
237.538729
238.098915
238.496519
238.731839
238.846697
239.623194
239.699733
240.888340
241.341972
242.220321
242.300361
243.639545
244.394131
244.066664
244.742209
245.422856
245.725211
246.314412
246.838479
247.633485
248.231491
249.404490
249.880133
250.542371
251.281349
251.865047
252.242039
252.989121
253.979727
254.351917
255.783949
255.800157
256.954747
257.849704
259.263426
259.508451
260.112760
261.473154
261.924385
262.882374
264.204550
265.390155
266.101418
266.975565
268.847821
269.887352
270.711573
272.705992
273.666683
274.850287
276.466113
277.570377
279.048331
281.252157
282.576233
284.339034
286.073920
288.361288
290.597531
292.186042
294.154147
296.252719
298.458346
300.456866
303.337838
305.452118
308.605328
311.328319
314.252213
317.081758
320.661687
324.074930
327.941605
331.688619
336.117581
340.157845
344.960598
349.609773
355.086870
359.950554
365.440759
371.930674
377.628784
383.864269
391.027628
397.988383
405.786466
415.344448
424.029885
435.386285
448.466766
461.501124
477.861080
496.434367
513.294879
533.241167
552.981450
571.756740
587.005029
596.513185
600.997676
594.444629
579.223154
552.250977
513.445056
463.595194
407.998296
347.057769
284.301215
223.696259
169.973018
124.146511
85.793421
57.180106
36.319651
22.178828
13.135809
7.241299
3.943614
2.374413
1.392811
0.825922
0.566890
0.412311
0.263435
0.248027
0.167886
0.142873
0.091747
0.069936
0.052127
0.042722
0.032116
0.025713
0.022411
0.016709
0.020611
0.005503
0.006003
0.008104
0.005703
0.004903
0.006303
0.008304
0.010005
0.004302
0.004102
0.005703
0.007204
0.004202
0.005603
0.003202
0.004402
0.004302
0.006503
0.001501
0.001801
0.003502
0.000300
0.000300
0.000200
0.000200
0.000300
0.000200
0.000300
0.000300
0.000300
0.000500
0.000300
0.000000
0.000400
0.000400
0.000300
0.000100
0.000300
0.000400
0.000000
0.000300
0.000300
0.000300
0.000500
0.000100
0.000200
0.000300
0.000300
0.000600
0.000200
0.000200
0.000500
0.000500
0.000000
0.000600
0.005703
0.002101
0.001901
0.004502
0.000300
0.000400
0.000400
0.000500
0.000500
0.000600
0.001101
0.000300
0.001201
0.000000
0.000000
0.000000
0.000000
0.000000
0.000000
0.000000
0.000000
0.000000
0.000000
0.000000
0.000000
0.000000
0.000000
0.000000
0.000000
0.000000
0.000000
0.000000
0.000000
0.000000
0.000000
0.000000
0.000000
0.000000
0.000000
0.000000
0.000000
0.000000
0.000000
0.000000
0.000000
0.000000
0.000000
0.000000
0.000000
0.000000
0.000000
0.000000
0.000000
0.000000
0.000000
0.000000
0.000000
0.000000
0.000000
0.000000
0.000000
0.000000
0.000000
0.000000
0.000000
0.000000
0.000000
0.000000
0.000000
0.000000
0.000000
0.000000
0.000000
0.000000
0.000000
0.000000
0.000000
0.000000
0.000000
0.000000
0.000000
0.000000
0.000000
