226.155233
227.990700
228.504123
229.196834
229.545998
230.152855
230.128811
231.054777
231.496721
231.737033
232.491292
233.108210
233.455807
234.176874
234.610455
234.645606
235.396075
235.381309
236.225211
235.755563
236.401361
236.903678
236.931642
237.744705
237.952609
238.158815
239.191673
238.831401
239.132216
239.987879
239.971414
241.117045
241.720112
242.037261
242.204264
243.161723
243.724934
244.560473
245.132439
245.724791
245.880425
247.061992
247.052322
247.846829
248.324186
248.900465
248.958092
249.606373
250.308100
251.203357
251.711815
252.447126
253.496711
254.513235
254.710293
255.592875
256.574770
257.134322
258.322815
258.987692
260.123261
260.818324
261.402443
262.483782
263.485670
264.489911
265.584579
266.857618
267.861859
269.620619
270.672818
272.501751
273.213148
274.609807
275.825480
277.436055
278.843690
280.562333
281.789767
283.069341
285.459917
286.789409
288.856955
291.174353
293.003678
295.577591
297.866502
299.555743
301.720512
304.587792
307.052722
310.106214
312.656607
316.211370
318.852189
321.798397
326.466384
329.496486
333.645561
338.040567
341.993237
346.640577
352.095492
356.599742
362.125614
369.093357
375.788251
383.335148
391.067996
399.592999
409.328448
420.578163
432.897588
446.094106
461.564506
478.038625
496.860850
516.557947
537.083657
557.833475
576.298172
590.296907
600.963026
602.324794
594.877211
576.431461
550.353223
512.699233
467.112592
419.121002
366.252212
314.419679
265.467363
219.924499
179.347692
144.587901
113.944909
89.445491
68.763624
52.262717
38.679661
27.774014
19.718658
13.621997
9.071095
6.103718
4.083476
2.619519
1.765294
1.019399
0.717800
0.466119
0.303951
0.188303
0.111597
0.089121
0.054884
0.047697
0.029402
0.022476
0.017772
0.016334
0.014244
0.012283
0.013460
0.015942
0.016857
0.018164
0.011238
0.009931
0.012545
0.009801
0.006926
0.004312
0.004835
0.005750
0.005358
0.008233
0.007841
0.006534
0.002614
0.003398
0.005488
0.003398
0.004966
0.002483
0.001568
0.003528
0.001699
0.002875
0.001960
0.002875
0.002352
0.003006
0.003136
0.002614
0.001829
0.004182
0.001960
0.004704
0.001960
0.003398
0.004574
0.005358
0.002352
0.002875
0.002221
0.002744
0.002352
0.002744
0.002875
0.002744
0.002875
0.002744
0.004182
0.003006
0.002091
0.003659
0.003790
0.003659
0.004835
0.005750
0.001829
0.004051
0.003790
0.002744
0.000915
0.001437
0.002483
0.001960
0.001699
0.002483
0.002352
0.001960
0.001960
0.002744
0.003267
0.001176
0.003267
0.002875
0.001699
0.005750
0.002483
0.005488
0.002483
0.002744
0.003136
0.003136
0.004966
0.003920
0.001307
0.000915
0.000784
0.000915
0.000915
0.001045
0.001307
0.001699
0.002744
0.000000
0.000000
0.000000
0.000000
0.000000
0.000000
0.000000
0.000000
0.000000
0.000000
0.000000
0.000000
0.000000
0.000000
0.000000
0.000000
0.000000
0.000000
0.000000
0.000000
0.000000
0.000000
0.000000
0.000000
0.000000
0.000000
0.000000
0.000000
0.000000
