218.524716
222.003466
222.018236
222.748887
223.677198
223.895736
224.457446
224.920781
225.270698
225.592626
226.690334
226.767100
227.800259
228.190657
227.961360
228.393514
228.875448
229.102192
229.802209
229.831293
230.912955
231.018988
231.684177
231.991426
232.043211
232.779971
232.261112
233.055400
233.743747
234.539130
234.270447
234.835347
235.680510
236.116493
235.858112
236.260453
236.848602
236.677746
237.451430
238.193751
238.673679
238.448485
238.916743
239.047757
240.054476
240.355525
240.962911
241.445483
241.989232
242.550668
242.770939
242.991848
243.816588
244.460534
245.053515
245.808783
245.830208
246.376053
247.401827
248.041124
248.392408
248.863949
249.754241
250.108170
250.706257
251.116074
252.248154
253.186038
253.515898
254.879554
255.610752
256.218412
256.798994
258.213068
258.652151
260.032401
260.864799
261.435990
262.791897
263.654108
264.757105
266.047003
266.913408
267.528727
269.085576
270.169335
271.327490
272.792438
274.283006
275.734916
276.603966
278.725442
279.744651
281.102017
283.406383
284.588699
286.751385
288.878240
290.602846
292.974679
295.249506
297.224287
299.245201
302.546805
304.183156
307.339340
309.792044
312.926256
316.392516
319.362528
323.017695
326.590444
330.055427
334.335760
338.328264
343.745873
347.766275
353.755896
359.591073
364.966561
371.995814
379.276336
387.041346
396.380436
405.972254
415.959302
427.509216
439.777656
452.332010
466.315846
478.724781
491.899104
503.886825
513.516024
520.072278
525.731492
527.458103
527.147208
522.115984
514.921984
502.943379
485.237182
462.365191
435.335493
405.672663
371.823226
338.911125
305.680105
273.049999
242.379174
213.183599
184.130618
156.930520
130.981937
106.429195
84.418230
64.420703
47.911135
34.867006
24.426105
16.586426
11.210026
7.429132
4.871217
3.302880
2.347947
1.725791
1.290172
1.018298
0.765022
0.650602
0.533173
0.472726
0.347912
0.286188
0.223644
0.193284
0.169853
0.147334
0.104939
0.083057
0.073667
0.068744
0.062179
0.046862
0.053609
0.029996
0.036651
0.035283
0.033278
0.029084
0.037107
0.032731
0.025984
0.030451
0.027807
0.026531
0.031728
0.030543
0.035283
0.021699
0.018781
0.023340
0.031090
0.027352
0.020970
0.023705
0.022611
0.021881
0.017778
0.016229
0.018143
0.017049
0.015682
0.017231
0.015135
0.017140
0.016229
0.015682
0.018964
0.011670
0.013858
0.013585
0.010029
0.014496
0.012673
0.012764
0.007750
0.011032
0.011761
0.013767
0.010302
0.010576
0.009573
0.006473
0.009664
0.007750
0.008844
0.009026
0.010394
0.010758
0.008388
0.011944
0.010667
0.018326
0.011305
0.009664
0.011488
0.010120
0.013220
0.012217
0.012399
0.011305
0.008570
0.011670
0.012399
0.008661
0.007020
0.006291
0.000821
0.000456
0.000274
0.000821
0.000000
0.002188
0.000456
0.001276
0.000365
0.002188
0.000456
0.000000
0.000365
0.000365
0.000091
0.002097
0.000547
0.000000
0.001276
0.003282
0.000000
0.000000
0.000000
0.000000
0.000000
0.000000
0.000000
0.000000
0.000000
