227.308081
230.530275
231.157226
231.700337
232.066763
233.072297
232.853288
233.115613
233.852068
234.690553
235.330021
235.433582
236.041622
236.738093
237.441319
237.371618
237.368376
238.074573
238.216407
239.075424
239.614933
239.703726
240.423431
240.955375
241.859690
242.213058
242.264479
243.441294
243.443996
244.687991
244.907540
245.310078
245.901097
247.049096
247.582481
247.562399
249.066288
249.706296
250.063987
250.822055
251.283848
251.939525
252.396636
253.284110
254.565567
255.255285
256.105567
256.667409
257.560557
258.173999
259.521736
259.937601
260.811568
261.695890
263.080278
263.373852
264.862882
265.840319
266.834146
267.867957
269.286205
270.522005
272.216987
273.337699
275.195767
276.277846
278.266311
279.151534
280.911624
282.133106
284.330314
285.232377
287.890028
290.457265
292.099115
294.521186
295.594620
297.827850
300.476045
302.461988
305.276511
308.100850
310.735807
313.612467
316.531992
319.592000
323.160268
326.888471
330.807767
334.662855
338.923452
342.922175
347.242838
352.169919
357.624712
362.972703
368.507553
374.144163
380.203214
386.313864
393.240667
401.760782
409.941665
418.502754
429.154878
441.512610
454.124202
469.501688
486.071299
505.582407
525.344674
546.162635
567.949929
587.081463
603.254390
614.548503
615.210124
605.121553
582.557010
546.143724
494.959461
435.350539
367.929051
299.124166
232.120615
171.515795
122.601412
82.599776
53.516372
33.562922
20.086909
11.854244
7.196422
4.438363
3.098281
2.099320
1.698494
1.310454
1.094687
0.890626
0.691699
0.565444
0.486287
0.351658
0.288530
0.210905
0.132378
0.090413
0.080237
0.071232
0.040344
0.028457
0.020982
0.013418
0.012067
0.008915
0.002702
0.001171
0.003782
0.002612
0.002612
0.002251
0.003512
0.003062
0.005223
0.003602
0.000630
0.000540
0.000810
0.000630
0.000630
0.000630
0.000630
0.000810
0.000901
0.000540
0.000810
0.000720
0.000901
0.000991
0.000540
0.001261
0.000720
0.000991
0.000720
0.000450
0.001081
0.000540
0.000901
0.000901
0.001441
0.000991
0.000901
0.000810
0.001711
0.000270
0.002071
0.000720
0.002612
0.002612
0.001261
0.000360
0.000270
0.000360
0.000270
0.000270
0.000450
0.000090
0.000720
0.000270
0.000450
0.000360
0.000360
0.000270
0.000360
0.000360
0.000540
0.000090
0.000360
0.000360
0.000360
0.000540
0.000450
0.000180
0.000360
0.000540
0.000360
0.000360
0.000630
0.000090
0.000720
0.000180
0.000540
0.000540
0.000000
0.000810
0.000270
0.000540
0.000180
0.000901
0.000360
0.000540
0.000450
0.000720
0.000630
0.000540
0.000000
0.001171
0.000540
0.000720
0.000630
0.000720
0.000180
0.001351
0.000810
0.000991
0.001081
0.001261
0.001711
0.002792
0.000000
0.000000
0.000000
0.000000
0.000000
0.000000
0.000000
0.000000
0.000000
0.000000
0.000000
0.000000
0.000000
0.000000
0.000000
0.000000
0.000000
0.000000
0.000000
0.000000
0.000000
0.000000
0.000000
0.000000
0.000000
0.000000
0.000000
0.000000
