229.194841
232.603453
233.199347
233.750979
233.865517
234.235518
235.125522
235.829684
236.002707
236.500252
236.945395
237.248956
238.390868
238.514015
239.218270
239.021386
239.738368
240.332390
241.621498
241.314193
241.873312
242.530311
242.949627
243.841784
244.055699
245.294088
245.121253
246.106893
246.565229
247.677665
248.497113
248.195329
249.352401
250.055346
251.193796
251.335096
251.466852
252.294909
253.255283
254.075760
254.797046
255.620892
256.094857
256.763740
257.534154
258.624319
259.964706
260.209127
260.965411
262.385713
263.228555
264.243578
265.327660
266.684610
267.521276
268.053632
269.295109
271.075399
272.408955
273.443629
274.673035
276.134417
277.944838
279.196983
281.386669
282.966238
285.025760
286.499025
288.074944
290.388713
292.234506
294.526472
296.286830
298.519000
300.898646
303.185184
305.604319
308.955943
311.848388
314.506423
318.343708
321.338432
325.385421
328.532861
332.887624
336.787979
340.852374
346.103316
350.715507
355.722870
361.643819
367.339156
373.207609
380.299853
387.494470
394.801004
403.293899
411.110143
420.526075
430.709614
442.271438
454.846882
470.205285
486.937577
505.798356
525.983240
546.298850
567.235901
583.978485
599.531621
607.094274
605.305562
593.476109
570.153424
535.031229
490.784219
437.051376
377.188908
315.532956
253.417170
197.411170
149.087132
107.087732
74.555918
50.000083
32.194097
19.452368
11.492297
6.579446
3.639277
1.894827
0.991535
0.543023
0.336126
0.198008
0.096945
0.070089
0.037431
0.036776
0.030787
0.018341
0.024985
0.024330
0.014224
0.010106
0.008796
0.005802
0.006737
0.002433
0.004866
0.010855
0.004305
0.008141
0.007112
0.001591
0.000936
0.001029
0.001310
0.001310
0.000281
0.002901
0.001216
0.002994
0.000281
0.000281
0.000281
0.000281
0.000187
0.000281
0.000281
0.000281
0.000281
0.000187
0.000281
0.000281
0.000281
0.000187
0.000281
0.000374
0.000374
0.000187
0.000281
0.000281
0.000374
0.000187
0.000374
0.000281
0.000281
0.000281
0.000374
0.000468
0.000000
0.000374
0.000374
0.000281
0.000281
0.000281
0.000468
0.000281
0.000187
0.000281
0.000374
0.000000
0.000561
0.000374
0.000281
0.000281
0.000374
0.000374
0.000374
0.000374
0.000374
0.000374
0.000374
0.000374
0.000655
0.000000
0.000374
0.000655
0.000374
0.000281
0.000374
0.000374
0.000468
0.000468
0.000468
0.000561
0.000749
0.000281
0.000094
0.000468
0.000655
0.000374
0.000468
0.000468
0.000561
0.000468
0.001123
0.000374
0.000561
0.000842
0.000000
0.001216
0.000281
0.001029
0.000094
0.001591
0.000000
0.001965
0.001123
0.001404
0.001965
0.002059
0.000000
0.000000
0.000000
0.000000
0.000000
0.000000
0.000000
0.000000
0.000000
0.000000
0.000000
0.000000
0.000000
0.000000
0.000000
0.000000
0.000000
0.000000
0.000000
0.000000
0.000000
0.000000
0.000000
0.000000
0.000000
0.000000
0.000000
0.000000
0.000000
0.000000
0.000000
0.000000
0.000000
0.000000
0.000000
