222.611935
226.025856
226.473411
226.594562
227.198138
228.097805
228.305237
228.434610
229.039275
229.922697
229.877426
230.958968
230.918551
232.024363
232.047742
232.245169
233.464405
233.448754
234.104039
234.253422
234.765267
235.165174
235.080378
235.755079
237.142817
236.678026
237.045639
237.184423
237.723014
238.368690
238.890442
239.394065
239.578120
240.291751
239.871041
240.511566
241.508907
241.513167
241.855916
243.019579
242.925373
244.597513
244.644072
245.146011
245.854293
246.113633
246.211406
246.932269
247.718611
248.643935
248.765680
249.786993
250.764621
251.619810
252.004165
253.151978
253.554560
254.356355
254.925061
255.567270
256.196502
257.251992
257.989893
258.312038
259.174359
260.027269
261.116835
262.252861
263.042274
263.649316
265.269450
266.734158
267.179237
268.613038
269.793442
271.336012
272.681946
273.623813
275.110611
276.313007
277.831406
279.222017
280.747449
282.521721
284.084796
285.983091
287.761722
289.752045
291.801903
293.648984
296.004047
298.116215
300.750628
303.338187
306.214011
308.657337
311.020821
314.392046
317.361978
320.540927
324.099179
327.687941
330.897005
335.134316
339.748453
344.046588
349.578916
353.806420
359.759558
365.929440
372.601360
379.438414
387.011586
395.951495
405.584431
415.548230
428.309694
440.546038
455.450080
471.068448
488.149542
505.029841
521.931537
536.867675
548.792969
557.394785
561.769889
561.049621
553.943618
544.929413
528.345206
507.004116
481.149930
449.505462
413.995655
375.449150
334.124197
290.628135
247.980329
205.535695
167.045753
132.413325
102.143618
77.530660
56.675461
40.634006
28.595486
19.179096
12.850024
8.479575
5.321429
3.467512
2.020734
1.275403
0.778318
0.481731
0.276280
0.190890
0.113127
0.069937
0.080635
0.063894
0.055375
0.044181
0.034374
0.034275
0.025260
0.022784
0.019119
0.022090
0.018128
0.013175
0.013472
0.012779
0.015652
0.016543
0.016543
0.013274
0.012581
0.015354
0.012283
0.009510
0.005646
0.006736
0.006835
0.008321
0.005151
0.009708
0.008915
0.006835
0.009411
0.008717
0.010005
0.005646
0.006538
0.003863
0.008915
0.006043
0.008519
0.010005
0.005349
0.008420
0.009213
0.005944
0.005944
0.004755
0.003665
0.009312
0.005052
0.006241
0.005845
0.006538
0.006835
0.005151
0.005944
0.006043
0.007330
0.004953
0.006736
0.006043
0.003665
0.004854
0.004557
0.003863
0.003962
0.004061
0.003764
0.005746
0.001783
0.003566
0.002675
0.002377
0.001486
0.002873
0.004458
0.004359
0.002377
0.003764
0.003269
0.003170
0.003764
0.002080
0.001387
0.001288
0.002576
0.001882
0.002377
0.004061
0.001090
0.001189
0.001486
0.002873
0.000594
0.000000
0.000000
0.000000
0.000000
0.000000
0.000000
0.000000
0.000000
0.000000
0.000000
0.000000
0.000000
0.000000
0.000000
0.000000
0.000000
0.000000
0.000000
0.000000
0.000000
0.000000
0.000000
0.000000
0.000000
0.000000
0.000000
0.000000
0.000000
0.000000
0.000000
0.000000
0.000000
0.000000
0.000000
0.000000
