226.199124
229.241464
230.322688
230.876230
231.268687
231.421508
232.116692
232.434487
233.118589
233.919834
233.337517
234.659639
234.959255
235.096134
236.237631
236.471628
236.472211
237.211822
237.026822
238.029302
238.645741
238.523056
239.330134
240.094340
239.782086
240.008694
240.905988
241.062698
241.455446
241.851597
242.398042
243.294752
243.757398
244.041460
244.596654
245.633742
245.869099
246.750450
247.092063
248.155885
248.455016
249.133478
249.329075
250.630393
251.587668
251.650664
252.581302
253.023532
253.683913
254.792843
255.834792
256.249220
256.890935
257.362330
258.286844
259.026941
260.025532
260.571588
262.217922
262.668708
263.776471
264.725872
265.954765
267.272222
268.113228
269.547925
270.477688
272.459317
273.038231
274.635278
275.778816
277.332796
279.041737
279.579238
281.888967
284.026625
285.685403
287.226064
288.801140
290.963394
292.818740
295.636319
297.580811
299.936523
302.544312
305.021445
307.583835
310.468201
313.522595
316.382171
319.763111
322.959634
326.541614
330.292164
333.691380
338.435467
342.376753
346.642640
351.825360
357.323640
362.845348
368.967262
375.600331
382.730071
390.031979
399.505084
408.445355
419.138312
431.773720
445.439996
459.789594
477.237528
496.289411
515.752027
535.656290
557.555306
577.157036
593.608518
603.223654
608.743904
603.732865
591.411947
568.148618
532.432742
489.064012
436.598204
379.610737
321.599306
265.252291
212.552487
164.240768
124.601007
93.010445
67.552295
48.840276
34.515856
23.927112
16.536739
11.104468
7.331753
4.785014
3.023578
1.920189
1.259711
0.779566
0.498324
0.312740
0.202790
0.135420
0.107422
0.085355
0.047052
0.026151
0.013805
0.018179
0.013999
0.014679
0.016040
0.013318
0.011763
0.013707
0.009721
0.010305
0.009721
0.010596
0.009138
0.010402
0.010208
0.009041
0.004569
0.005638
0.005833
0.006805
0.006125
0.008749
0.006999
0.009235
0.004666
0.004861
0.006319
0.004569
0.005347
0.004375
0.006416
0.011180
0.006805
0.007777
0.006611
0.003111
0.002528
0.002819
0.003500
0.003889
0.003111
0.002528
0.002916
0.004666
0.003208
0.005055
0.003208
0.002819
0.005736
0.004764
0.004569
0.006805
0.004083
0.001167
0.008360
0.005347
0.006708
0.006125
0.006319
0.002236
0.001361
0.001653
0.002042
0.003500
0.000292
0.000486
0.000389
0.000583
0.000000
0.000389
0.000486
0.000292
0.000292
0.000486
0.000486
0.000583
0.000292
0.000681
0.000486
0.000194
0.000583
0.000194
0.000583
0.000292
0.000875
0.000000
0.000972
0.000292
0.000681
0.000000
0.001069
0.000097
0.001069
0.000681
0.000292
0.000972
0.000681
0.000778
0.000778
0.000875
0.000972
0.001069
0.001264
0.001555
0.003208
0.000000
0.000000
0.000000
0.000000
0.000000
0.000000
0.000000
0.000000
0.000000
0.000000
0.000000
0.000000
0.000000
0.000000
0.000000
0.000000
0.000000
0.000000
0.000000
0.000000
0.000000
0.000000
0.000000
0.000000
0.000000
0.000000
0.000000
0.000000
0.000000
0.000000
