226.007026
228.760146
229.212310
229.879660
230.793058
231.804978
231.730851
232.248697
232.935231
232.969636
233.421069
234.146178
234.584684
235.370888
235.015371
235.997474
235.400393
236.619577
236.711114
237.263261
237.763800
238.245468
238.196259
238.925642
239.114869
239.817354
240.136902
240.901629
241.507989
241.700031
241.984862
243.067886
243.299441
244.168633
244.276644
244.627574
245.752196
246.168600
246.726793
246.485437
247.887488
248.278453
249.068723
249.469383
249.908097
251.067229
251.884710
252.078316
252.858785
253.311887
254.921827
255.546849
256.266015
256.910742
257.387406
258.490239
259.187824
260.290970
260.747929
261.944072
263.097053
263.705498
265.344838
266.020321
267.216672
268.176360
269.597907
270.417056
272.587587
273.754017
275.042323
276.399752
277.565140
279.157981
280.995098
282.608166
283.826932
285.443336
287.652234
289.184398
291.245042
293.679135
296.056096
298.311805
300.638617
303.052798
305.756813
308.546423
311.381073
313.646895
317.067157
320.742120
323.685301
326.831263
330.718076
335.384838
339.254970
343.534312
347.617233
352.686427
358.038263
363.636563
369.622700
376.341556
383.103471
390.461424
399.390638
408.203917
418.666859
431.047404
443.566506
458.513342
476.024072
494.398364
516.395908
540.603287
566.002952
593.532592
616.793628
638.410111
649.449387
648.743253
634.615253
601.970545
551.855247
489.520169
419.226929
346.699457
275.681316
213.000729
158.566472
115.464661
81.746208
57.628907
40.503721
27.800917
19.595770
13.409042
8.976442
6.039725
4.107630
2.681808
1.648724
1.018176
0.668602
0.414527
0.258558
0.180782
0.131156
0.096021
0.068497
0.048063
0.058697
0.033675
0.034509
0.021790
0.027003
0.022311
0.021060
0.014179
0.010009
0.010426
0.015534
0.009487
0.010634
0.012302
0.011051
0.010738
0.013866
0.012198
0.011364
0.013658
0.010530
0.010113
0.011468
0.007715
0.007089
0.006255
0.007298
0.006047
0.007819
0.008445
0.007715
0.010634
0.013970
0.011781
0.010113
0.005943
0.002502
0.001668
0.003545
0.002294
0.001564
0.003336
0.002815
0.004483
0.003545
0.002711
0.001043
0.001877
0.002502
0.001251
0.003128
0.002189
0.002919
0.002919
0.003858
0.001460
0.001355
0.001147
0.001772
0.001355
0.001564
0.001668
0.001877
0.002085
0.002085
0.002711
0.003336
0.000730
0.000938
0.000834
0.000938
0.001147
0.001043
0.000938
0.001355
0.000626
0.001043
0.001147
0.001460
0.001043
0.001877
0.000417
0.001772
0.000834
0.001877
0.002711
0.001772
0.001877
0.002606
0.002398
0.003440
0.001043
0.001147
0.000834
0.002711
0.002085
0.000000
0.000000
0.000000
0.000000
0.000000
0.000000
0.000000
0.000000
0.000000
0.000000
0.000000
0.000000
0.000000
0.000000
0.000000
0.000000
0.000000
0.000000
0.000000
0.000000
0.000000
0.000000
0.000000
0.000000
0.000000
0.000000
0.000000
0.000000
0.000000
0.000000
0.000000
0.000000
0.000000
0.000000
0.000000
0.000000
0.000000
0.000000
0.000000
0.000000
