219.286602
223.570216
223.556654
224.318216
224.654148
224.914814
225.540376
226.271037
227.268080
227.073863
227.374052
228.129026
228.808736
229.275049
229.066012
229.828930
230.224822
231.176628
231.184765
231.397289
231.271170
232.537694
232.475797
233.125575
233.086441
234.011319
233.985940
234.847467
235.264282
235.067837
235.661336
235.879963
236.520636
236.948396
237.021240
238.404391
238.389764
239.205861
239.528813
239.724386
240.130255
240.684329
241.025201
241.399395
242.157082
242.308193
243.183863
243.713042
244.243675
244.600627
245.066843
245.856012
246.163271
247.347169
247.721750
248.102918
249.420104
250.060970
250.070463
251.166697
251.473666
252.457632
252.943415
253.796515
254.818937
255.378533
256.189884
257.014311
257.255411
258.597976
259.446038
259.835440
260.807782
262.240142
263.241641
263.636661
265.246673
265.802297
266.995397
268.878668
269.432549
270.861227
272.038151
273.719068
274.900641
276.147599
278.160574
279.343116
281.008244
282.867202
284.156006
286.526901
287.988224
290.437968
291.741399
294.177582
296.637981
298.348637
301.116490
303.597038
306.818127
309.187279
311.756846
315.247998
317.745982
321.876354
325.193243
328.305455
332.627428
337.067384
340.882359
345.627831
350.755342
356.503185
362.400491
368.621137
375.320398
383.054287
390.756403
399.972440
410.708306
420.965945
432.722586
445.834482
458.944634
473.272103
486.768848
501.129929
515.572959
529.022918
540.455445
550.078804
556.584818
558.868921
556.294316
550.057881
533.525933
512.328331
483.338431
446.552745
406.092829
361.373807
313.597303
268.431437
223.560529
182.965970
147.256660
115.621927
89.091845
66.996197
49.866972
36.526763
26.039746
17.986877
12.549782
8.433456
5.387791
3.437876
2.327693
1.564775
1.009054
0.695789
0.519202
0.402866
0.290598
0.237419
0.221533
0.170484
0.150724
0.130382
0.110331
0.102194
0.101225
0.066934
0.069356
0.058023
0.052017
0.053180
0.044365
0.041943
0.030610
0.022957
0.023054
0.024798
0.021989
0.024023
0.024798
0.029060
0.020439
0.021117
0.022570
0.015983
0.019083
0.015886
0.012786
0.019664
0.015305
0.017145
0.011818
0.012302
0.012883
0.008330
0.013368
0.010655
0.010946
0.011333
0.010558
0.011915
0.006974
0.009396
0.008621
0.010752
0.007556
0.007749
0.007846
0.009396
0.008234
0.008524
0.006587
0.006296
0.007071
0.008912
0.007168
0.006393
0.008718
0.010462
0.007846
0.009009
0.011915
0.009977
0.009299
0.007459
0.006781
0.009493
0.008040
0.011140
0.009493
0.009396
0.008815
0.008330
0.008718
0.010268
0.010074
0.008621
0.009687
0.011624
0.012496
0.011140
0.011236
0.009977
0.012011
0.005715
0.006877
0.005618
0.003100
0.004165
0.004940
0.003293
0.003390
0.004165
0.003003
0.002615
0.002325
0.000000
0.000000
0.000484
0.000969
0.002615
0.000000
0.000581
0.000097
0.000000
0.000097
0.000291
0.000000
0.000000
0.001453
0.000581
0.000291
0.000387
0.000387
0.000000
0.000000
0.000000
0.000000
0.001356
0.000000
0.001647
