216.322706
219.261374
219.099813
219.841747
220.802429
220.641435
221.358360
222.033669
222.648959
223.073999
222.965474
223.640311
223.548867
224.586555
224.964505
225.019428
225.617637
226.552367
226.138273
226.237739
227.396880
227.363002
227.964891
228.543188
229.136395
229.088738
229.738001
230.755588
230.999628
231.766663
231.753640
231.610576
232.606458
232.972235
232.972235
233.629707
233.956792
234.595391
234.633611
235.221062
235.532670
235.518137
236.587250
236.540914
237.201690
237.485554
238.079610
238.217201
238.739914
239.425415
239.823654
239.884900
240.580593
240.795095
241.684528
241.804377
242.247348
242.639831
243.532567
243.992902
244.047447
244.630840
245.266042
246.372525
246.153210
247.234968
247.687942
248.722422
249.414811
250.651052
250.708429
250.938313
251.833314
251.994686
253.591608
254.154712
254.487459
254.769718
256.470258
257.342327
257.784920
258.782690
259.991186
260.552213
261.558665
262.191885
263.549108
264.487708
265.278242
266.905928
267.140719
268.313544
269.594234
271.446897
272.381817
273.711861
274.933570
276.694412
278.062299
279.580894
281.451487
283.202043
284.856624
286.875190
288.743707
290.238332
292.584360
294.500251
296.971884
299.393596
301.469066
304.801350
306.086097
309.750468
313.095586
316.316986
319.454113
322.194889
326.286942
329.524007
333.422886
338.362661
342.177268
347.504902
352.658330
358.018049
364.001646
369.990906
377.201968
384.856850
393.291036
402.377221
412.749947
424.209621
435.490560
447.917616
461.015641
475.570165
490.433845
505.204475
518.517757
531.813014
541.641416
549.515424
553.780174
553.665798
546.600820
534.047591
515.608815
487.957021
458.925355
422.729718
382.113715
340.831935
298.130365
255.957359
215.503295
178.258456
144.068738
113.666921
88.875091
68.545054
52.661995
41.199867
32.751431
26.734711
22.189023
19.088039
16.945189
15.383184
14.005199
13.027719
12.155084
11.245078
10.432745
9.833120
9.235950
8.637269
8.162685
7.584482
7.110558
6.687688
6.188096
5.861105
5.368024
4.855598
4.551350
4.011462
3.571983
3.146281
2.827124
2.452193
2.132847
1.810291
1.580407
1.278613
1.090912
0.910006
0.755806
0.618026
0.526677
0.458070
0.343411
0.306607
0.273389
0.206575
0.196855
0.174112
0.133344
0.137968
0.096823
0.072759
0.059642
0.054451
0.046996
0.051243
0.044165
0.049827
0.041240
0.041711
0.034634
0.033124
0.028405
0.026895
0.033407
0.033124
0.019818
0.013495
0.013117
0.014344
0.015477
0.015665
0.015099
0.020101
0.019251
0.019440
0.012174
0.015571
0.018119
0.015760
0.016326
0.014155
0.017458
0.017458
0.018308
0.021233
0.024064
0.014910
0.016987
0.019535
0.017175
0.014533
0.017270
0.017270
0.016515
0.019157
0.019346
0.013212
0.015854
0.016987
0.012362
0.009626
0.008116
0.004624
0.002076
0.002548
0.002642
0.000000
0.000000
0.000000
0.000000
0.000000
0.000000
0.000000
0.000000
0.000000
0.000000
0.000000
0.000000
0.000000
0.000000
0.000000
0.000000
0.000000
0.000000
0.000000
0.000000
0.000000
