225.833273
229.079828
228.888466
229.652530
229.833872
230.767231
231.130553
231.820312
232.258154
232.791943
233.343324
233.067847
233.719013
234.165170
234.510582
234.990002
235.690741
235.854385
236.652245
236.555231
236.971111
236.979960
236.899577
237.781977
238.829194
239.092731
239.490808
239.979289
240.431203
240.743034
241.758908
241.682576
242.685018
242.640136
243.288423
243.829889
244.343530
245.115910
246.179118
246.121443
246.587217
247.272284
247.907459
248.577068
248.487517
249.771512
249.870445
251.039623
251.835563
252.039292
252.906341
254.203982
254.919966
255.411219
256.028057
256.919946
258.071106
258.747112
260.092514
260.712870
261.472990
262.639396
263.681923
264.163901
265.602052
266.481574
267.813543
269.661605
270.533131
271.367451
273.217112
273.798982
275.290545
276.853535
278.149044
279.685062
280.977479
283.576813
285.023386
286.272201
288.356827
290.294974
292.448896
294.147279
296.641816
299.080491
301.527800
303.908799
306.760902
309.276547
311.927266
314.874784
318.391485
321.072694
325.119560
328.583384
332.663086
336.576585
340.951060
345.371590
350.321432
355.780757
361.073880
367.639057
373.850613
381.490620
389.164208
398.030001
407.994503
418.317211
430.145021
443.785178
458.919243
475.165771
493.070490
511.435225
530.743128
549.788347
565.600124
578.630906
586.661740
589.462457
584.154623
568.767468
543.060378
510.537260
470.808886
424.764692
377.223286
331.822796
285.278394
242.625317
203.642458
167.532916
135.369709
107.338976
82.722599
62.428353
45.618292
33.199870
23.620118
16.571684
11.637726
7.915803
5.423398
3.775654
2.413514
1.694119
1.071524
0.762465
0.499249
0.310978
0.209593
0.149252
0.111619
0.069296
0.051918
0.052665
0.028998
0.022494
0.020895
0.022281
0.013753
0.022068
0.014605
0.018017
0.012047
0.014925
0.012473
0.014286
0.012367
0.018657
0.008315
0.010128
0.007036
0.008315
0.007463
0.006823
0.011940
0.007996
0.005544
0.007889
0.010981
0.006397
0.006716
0.005970
0.006716
0.008209
0.011407
0.012153
0.003092
0.006503
0.006716
0.007569
0.004584
0.005224
0.004051
0.004478
0.005970
0.005011
0.006183
0.005117
0.006823
0.007356
0.006930
0.006397
0.005863
0.005863
0.002985
0.003411
0.002985
0.003092
0.003092
0.003092
0.003305
0.003838
0.003198
0.003305
0.003411
0.004371
0.003305
0.005650
0.005330
0.005011
0.001919
0.003092
0.003305
0.003411
0.003838
0.002345
0.003945
0.003198
0.003305
0.004797
0.004371
0.003305
0.004371
0.003518
0.005650
0.003198
0.006077
0.004264
0.007143
0.007569
0.004371
0.005011
0.006716
0.006290
0.007889
0.007036
0.008955
0.004371
0.001706
0.000746
0.000746
0.000853
0.000853
0.000853
0.001066
0.001173
0.002452
0.002665
0.000000
0.000000
0.000000
0.000000
0.000000
0.000000
0.000000
0.000000
0.000000
0.000000
0.000000
0.000000
0.000000
0.000000
0.000000
0.000000
0.000000
0.000000
0.000000
0.000000
0.000000
0.000000
0.000000
0.000000
0.000000
0.000000
