229.423461
232.468443
233.465116
233.291646
233.912922
234.112704
235.224276
235.945249
236.029742
236.575978
237.421985
237.745341
238.620584
238.349854
239.343603
239.148498
240.282680
241.000436
240.996245
241.879968
242.524340
242.503290
243.335263
244.322580
244.689693
244.927581
245.762478
246.401978
246.455091
247.383740
247.689262
248.176537
249.064157
250.082562
250.404554
251.375498
251.736959
252.879911
253.244588
254.276344
254.878519
255.376319
257.079931
257.476475
258.353765
258.727310
260.271485
260.999669
261.366685
262.341820
263.601134
264.128658
265.738030
266.325489
267.413185
269.343769
270.267935
271.394125
272.919101
274.278307
275.762254
276.825001
279.014913
280.914994
281.701359
283.353611
285.101175
286.805956
288.803004
290.461299
292.862688
294.726223
297.397076
299.423068
302.140991
304.836597
306.948935
309.542798
313.306122
316.020439
319.205951
322.663461
326.694493
330.307931
334.098152
338.057749
342.540096
347.035599
351.810116
356.706354
362.353288
368.256724
374.390543
381.498913
388.557093
396.428731
405.967434
415.310155
426.061588
439.028175
453.435439
469.577597
487.113363
507.972637
530.693789
555.066512
579.913841
603.530312
625.438885
639.957052
646.336459
637.384045
614.148915
576.830461
523.563589
459.005383
389.626760
317.046933
248.934834
188.510768
135.935730
94.999258
63.800493
41.325610
25.607186
15.201425
8.626622
4.823634
2.619591
1.410077
0.703430
0.341288
0.162555
0.087515
0.045901
0.040541
0.031868
0.015495
0.017932
0.011987
0.010330
0.013644
0.011402
0.013839
0.008966
0.007601
0.005263
0.007504
0.005750
0.004775
0.010233
0.002924
0.008381
0.008284
0.011792
0.009648
0.009258
0.011890
0.002241
0.005263
0.004873
0.002241
0.001364
0.002631
0.003119
0.002241
0.002241
0.002826
0.002436
0.002826
0.002729
0.003119
0.003898
0.002631
0.002631
0.002534
0.002241
0.003021
0.003216
0.003119
0.002339
0.002729
0.005360
0.001559
0.006335
0.002047
0.011012
0.001657
0.013644
0.002144
0.000000
0.000000
0.000000
0.000000
0.000000
0.000000
0.000000
0.000000
0.000000
0.000000
0.000000
0.000000
0.000000
0.000000
0.000000
0.000000
0.000000
0.000000
0.000000
0.000000
0.000000
0.000000
0.000000
0.000000
0.000000
0.000000
0.000000
0.000000
0.000000
0.000000
0.000000
0.000000
0.000000
0.000000
0.000000
0.000000
0.000000
0.000000
0.000000
0.000000
0.000000
0.000000
0.000000
0.000000
0.000000
0.000000
0.000000
0.000000
0.000000
0.000000
0.000000
0.000000
0.000000
0.000000
0.000000
0.000000
0.000000
0.000000
0.000000
0.000000
0.000000
0.000000
0.000000
0.000000
0.000000
0.000000
0.000000
0.000000
0.000000
0.000000
0.000000
0.000000
0.000000
0.000000
0.000000
0.000000
0.000000
0.000000
0.000000
0.000000
0.000000
0.000000
0.000000
0.000000
0.000000
0.000000
0.000000
0.000000
0.000000
0.000000
0.000000
0.000000
0.000000
0.000000
0.000000
0.000000
0.000000
0.000000
