226.971202
230.374685
230.626804
231.076894
231.655371
232.106318
232.432309
232.979791
232.909840
234.303844
234.534524
234.804652
235.482237
235.370633
235.912603
236.675085
236.617139
237.813540
238.065047
238.469686
237.676578
239.571880
239.233393
239.712762
240.543113
241.528802
241.098069
241.711828
242.578685
242.574030
242.888015
243.888038
244.466269
245.074393
245.639394
246.222159
246.585636
247.174281
247.621921
248.050327
249.078159
249.447026
250.583644
251.001637
251.951922
252.121594
253.078494
253.487054
254.192571
255.601276
256.886494
256.818993
258.040998
258.565572
259.854955
260.510489
261.654089
261.945533
263.341865
263.613095
264.941681
265.831692
266.717049
268.334873
269.530294
270.739068
271.980306
272.956930
274.652669
276.247339
277.736286
278.912228
280.876624
282.397300
284.332540
286.261776
288.211226
289.922768
292.055243
294.200336
296.320316
298.369608
300.827829
303.725604
306.140702
308.976121
311.478566
314.435267
317.970567
321.249950
324.632361
327.983411
331.813340
335.280158
339.661857
343.987448
348.913200
353.610599
358.784182
364.387763
370.673952
377.404473
384.608483
392.352012
401.248943
411.565236
421.706345
434.422669
448.170009
463.391963
481.167203
500.161998
521.286695
544.109336
567.653909
590.721073
610.841827
626.039280
631.629140
625.610751
608.328233
576.048561
530.711752
475.225258
412.227630
346.964485
282.584368
223.210000
169.869090
126.475850
90.689790
64.001203
43.338112
28.672461
18.474998
11.639734
7.310223
4.629285
2.780291
1.691206
1.082225
0.681260
0.416645
0.254079
0.129245
0.117116
0.071789
0.044225
0.035894
0.030504
0.028054
0.019234
0.020826
0.012373
0.008820
0.005390
0.002573
0.004655
0.002573
0.003553
0.005390
0.004165
0.006370
0.003063
0.003553
0.003308
0.003675
0.003798
0.006370
0.002450
0.004410
0.003675
0.004533
0.005145
0.003553
0.001960
0.000613
0.001225
0.003063
0.000368
0.003063
0.003185
0.000613
0.000613
0.000368
0.000735
0.000490
0.000858
0.000245
0.000735
0.000123
0.000735
0.000245
0.000858
0.000613
0.000735
0.000368
0.000735
0.000613
0.000735
0.000613
0.000368
0.000858
0.000490
0.000858
0.000613
0.000735
0.000858
0.000613
0.000735
0.000613
0.000735
0.000735
0.000858
0.000735
0.000735
0.000858
0.000980
0.000613
0.000980
0.000490
0.000980
0.000980
0.000368
0.000858
0.001225
0.000490
0.000858
0.000980
0.001225
0.000858
0.000735
0.001470
0.000613
0.000980
0.001103
0.000980
0.001225
0.000980
0.000735
0.001838
0.000858
0.000613
0.002083
0.001225
0.002083
0.001715
0.000735
0.003185
0.002328
0.004288
0.001103
0.001225
0.001593
0.003185
0.000000
0.000000
0.000000
0.000000
0.000000
0.000000
0.000000
0.000000
0.000000
0.000000
0.000000
0.000000
0.000000
0.000000
0.000000
0.000000
0.000000
0.000000
0.000000
0.000000
0.000000
0.000000
0.000000
0.000000
0.000000
0.000000
0.000000
0.000000
0.000000
0.000000
0.000000
0.000000
0.000000
