213.391423
217.158538
217.470408
217.838837
218.943320
218.994763
219.365097
219.981317
220.054120
221.400779
221.143260
221.100039
221.990826
222.431456
223.314019
223.635817
224.367259
224.331960
224.747420
225.160774
225.615644
225.639209
226.068608
226.779592
227.165570
227.526878
228.426188
228.834628
229.207569
229.595151
229.991157
230.374727
231.056330
231.287375
231.988933
232.422242
232.494344
233.431760
233.657590
233.792367
233.819342
233.897560
235.025509
235.522596
235.558195
236.318618
236.045756
236.949679
237.262051
237.511849
238.196058
238.474836
238.910151
239.483953
239.616623
240.075404
241.041300
241.494264
242.339423
242.426667
242.213472
242.956145
242.883041
243.541679
244.648368
245.180453
245.696293
246.144544
246.602823
247.496819
247.868657
248.867043
249.999504
250.972621
250.965801
251.542210
251.664050
252.512418
253.585413
254.533359
255.061534
255.798390
256.679249
257.744723
258.269287
259.776294
260.708496
261.349585
262.506414
263.689316
264.131650
265.845835
266.542680
268.280531
269.451098
270.208713
271.536720
273.283194
274.772953
276.247569
277.622205
279.418419
281.198588
282.370860
284.277783
286.584120
287.882845
290.734806
292.805987
295.037716
297.269646
299.572072
302.510274
305.580644
308.304747
311.606764
314.879198
318.895508
322.423957
327.136611
331.233747
335.607957
340.235974
345.162425
350.125077
355.222405
360.271297
364.601985
368.916027
373.512958
377.887568
381.005271
384.005946
387.117732
389.224312
390.341129
393.350629
395.326043
398.314886
400.166153
403.093825
406.654764
412.121122
417.003249
423.259411
431.438140
438.089505
444.494082
447.992346
448.337510
444.535798
436.248868
421.577918
403.239632
381.356250
356.112389
329.739276
303.275710
277.195214
253.882543
231.832797
212.126392
195.424072
180.938740
167.781917
156.015875
146.050459
136.607301
126.862702
118.228703
109.702304
101.376264
93.648995
85.658893
78.778087
71.101961
64.072340
57.529879
50.746946
45.238471
38.564542
33.143110
27.847228
23.281384
19.060803
15.240038
12.506007
9.947666
7.939862
6.382716
5.077372
4.363981
3.715170
3.135753
2.839827
2.493961
2.274047
2.136062
1.966188
1.851769
1.679588
1.556545
1.394492
1.231337
1.135670
1.136974
1.021652
0.913450
0.815075
0.754205
0.704165
0.660945
0.621234
0.541913
0.495884
0.476430
0.406334
0.336138
0.310968
0.276472
0.249998
0.221318
0.217106
0.200058
0.158543
0.176994
0.139690
0.124648
0.106898
0.082029
0.107199
0.088347
0.082831
0.084436
0.067087
0.066285
0.062174
0.050341
0.041315
0.048134
0.037906
0.037705
0.030686
0.025772
0.023666
0.017950
0.029181
0.024067
0.024368
0.024669
0.019053
0.042318
0.014942
0.012535
0.017750
0.020958
0.022563
0.018151
0.015142
0.013638
0.012836
0.016245
0.014641
0.007421
0.017148
0.011632
0.016747
0.016245
0.014240
0.010630
0.020658
0.014440
0.019053
0.018853
0.017449
0.006318
0.011432
0.006819
0.008524
0.007722
0.010128
0.008424
0.004011
0.004111
0.004914
0.001705
0.000903
0.001003
