222.995042
225.051832
225.775217
226.352346
226.396639
227.106210
227.658780
228.099301
228.527982
228.730372
229.615142
229.813366
230.536751
231.072656
231.309692
231.832660
231.565804
232.161132
232.793080
233.312759
233.234259
234.149947
234.874428
235.332492
235.685742
236.154550
236.549243
236.889556
237.252016
237.676311
237.744725
238.269666
239.030547
239.678282
239.789454
240.185244
240.453635
241.173731
241.989649
241.985922
242.889330
243.239292
244.170329
244.683649
244.738029
245.313623
246.077135
246.873319
247.630033
248.428848
248.744384
249.852814
250.929887
250.775299
251.869476
252.600755
252.765430
253.878464
254.458005
255.645812
256.367882
257.350667
257.598666
258.740864
259.784389
260.466112
261.617519
263.523668
264.424226
265.085118
265.519938
267.802580
268.603807
269.324122
271.169751
272.309318
273.300436
274.542623
276.234541
277.364021
279.292317
280.893236
282.511039
284.077751
286.196815
287.906275
289.603894
291.679980
293.493595
295.847720
297.779085
300.647846
303.196906
306.756600
308.835975
311.828626
315.185710
318.253134
321.787391
325.131319
328.953484
332.893179
337.517886
341.844161
347.471608
352.582007
358.542751
364.631112
371.595472
378.960007
386.561578
395.584044
405.623283
413.416060
424.828612
434.774221
446.063103
457.369964
470.290025
483.356122
497.163803
509.814815
523.453874
532.487962
539.787153
540.349810
532.214527
515.642678
490.303379
458.339813
420.331084
379.567615
340.085365
302.819097
271.382885
243.660078
219.770180
200.081571
181.147264
164.995983
149.182821
134.397836
121.567678
108.614946
96.342840
86.371575
76.638004
68.741072
61.458764
55.423468
51.009921
46.653386
43.163860
40.122530
37.338628
35.111463
33.245003
30.982315
28.961047
27.212776
25.820606
24.291389
22.991314
21.802849
20.476680
19.426357
18.295123
17.141304
16.140756
15.400926
14.352577
13.513197
12.794197
12.062919
11.295679
10.703420
9.933988
9.469565
8.818102
8.314869
7.689061
7.260380
6.693557
6.308293
5.685993
5.236920
4.680183
4.200412
3.629203
3.164562
2.728864
2.301061
1.805063
1.396337
1.138470
0.868544
0.699484
0.551035
0.401052
0.285714
0.215985
0.121039
0.075650
0.057011
0.030698
0.020612
0.010306
0.004824
0.005920
0.006140
0.004824
0.005263
0.002851
0.002851
0.003508
0.002193
0.004166
0.003289
0.003728
0.006797
0.004166
0.005043
0.001096
0.001535
0.001535
0.001973
0.001754
0.002193
0.001754
0.002631
0.001754
0.003070
0.001754
0.001754
0.002193
0.001096
0.002631
0.001316
0.005043
0.008113
0.004166
0.001535
0.002631
0.002412
0.002412
0.003289
0.001754
0.001973
0.002631
0.002851
0.002412
0.002851
0.003289
0.005701
0.001754
0.001973
0.002412
0.003508
0.003508
0.001754
0.002851
0.000439
0.000219
0.001096
0.000000
0.001316
0.000658
0.000439
0.000000
0.000000
0.000658
0.000000
0.000219
0.000000
0.000000
0.000000
0.000000
0.000000
0.000000
0.000000
0.000000
0.000000
0.000000
0.000000
0.000000
0.000000
0.000000
0.000000
