210.837412
214.200850
214.294661
215.397307
215.468279
215.895339
216.186841
216.570679
217.120529
217.721213
218.793161
218.833436
219.606025
219.623215
220.480037
220.465794
220.920605
221.397026
221.376152
221.916424
221.933614
222.991810
222.669612
223.741806
224.315476
225.183595
225.324066
225.246954
226.565709
226.342969
227.262168
227.530094
227.344437
228.389863
228.248165
228.580186
229.324042
230.097368
229.991278
231.149916
230.971380
230.956891
231.956394
232.068869
231.948044
232.373140
233.340964
233.766550
233.934771
234.163650
234.872880
235.102250
235.215953
236.179847
236.163884
236.894233
236.609117
237.898402
237.954640
238.492210
238.987787
238.754242
239.217894
239.887340
240.458063
240.930310
241.060957
242.051620
242.780495
242.972783
243.704606
244.075183
244.798165
245.174637
245.715891
246.990932
246.820747
248.056741
248.120101
248.828839
249.263267
250.218566
250.854122
251.878183
252.625968
252.779209
253.875961
254.569473
255.324380
256.373490
257.116364
258.370286
259.024506
259.926760
261.367812
262.410537
263.464067
264.679679
265.647257
266.022500
267.382266
268.643555
269.579454
270.808326
272.653600
273.888367
275.443368
276.652595
277.884414
280.606157
281.234591
283.625294
284.967624
287.484554
288.652278
291.300102
293.702101
295.622768
298.132085
301.253628
303.647524
306.656593
309.327991
312.675221
316.481437
319.579159
323.343872
326.801857
330.986017
335.846745
340.569949
345.637945
351.396506
357.234144
363.675903
370.945752
377.386284
385.158341
392.981232
401.556083
410.502248
420.750469
430.614605
439.749620
449.839688
458.795186
467.395823
472.743286
476.496211
475.103047
469.101117
457.469801
440.738563
420.404695
396.391329
371.229395
344.978567
320.581363
298.069463
278.778073
260.704015
244.851210
231.003551
218.521306
207.486253
197.219369
187.279103
178.940253
170.941528
163.935429
158.103195
151.965706
146.016822
141.002116
134.862909
129.499237
124.430996
119.691093
114.722065
109.584571
104.746682
100.157072
95.966527
91.608498
87.466332
83.836933
80.328604
76.910647
73.823976
71.007686
68.183046
65.514103
62.627578
60.563248
58.014639
55.711853
53.492809
51.410306
49.450347
47.350654
45.161817
43.726904
42.074900
40.152268
38.348988
37.126500
34.971307
33.572494
31.906983
30.306550
29.097078
27.676163
26.214237
24.752556
23.191170
22.036707
20.535488
19.355240
18.018804
16.641110
15.439988
14.121233
12.746241
11.488881
10.327788
9.161783
8.111445
7.163268
6.299816
5.492109
4.944961
4.473205
3.929250
3.588633
3.127192
2.736231
2.398316
2.193749
1.860009
1.578331
1.400532
1.158638
1.038795
0.838404
0.687373
0.554270
0.381628
0.302307
0.208250
0.134577
0.105844
0.082269
0.054764
0.034381
0.034627
0.030206
0.018664
0.016945
0.016945
0.010314
0.008841
0.009332
0.009086
0.009086
0.010805
0.011542
0.011297
0.008104
0.009086
0.011542
0.010560
0.009086
0.012279
0.011297
0.008595
0.010560
0.007122
0.007367
0.002210
0.005894
0.014980
0.005403
0.005157
0.000982
0.001228
0.000000
0.000982
0.001228
