214.448590
217.646384
218.394589
218.399636
219.097576
219.421002
219.947238
220.509937
220.767956
221.495767
221.943103
222.172797
222.429272
222.691308
223.559820
224.458613
224.498166
224.923460
225.410144
225.750359
226.110247
226.304199
227.207834
227.197946
228.214676
229.015515
228.537793
228.718355
229.631981
230.004744
230.674977
231.638765
231.542355
231.398771
231.473447
232.495431
232.981805
233.084910
233.743297
233.749786
234.599139
234.820078
235.171211
235.434072
235.674581
236.416709
236.769387
236.968180
237.224346
237.627186
237.935470
238.666989
239.213413
239.222890
239.798258
240.135485
240.504026
241.135839
241.815548
242.152981
242.870492
242.605777
243.681116
244.273891
244.700113
245.435854
246.496464
246.386252
247.505057
247.108191
248.156750
248.744375
249.635649
249.979057
251.513372
251.799305
253.071377
253.615329
254.161754
254.722290
255.978396
256.374438
257.442361
257.880530
258.574041
259.697276
260.434460
261.496202
262.804325
263.435005
264.826662
265.902722
267.347322
268.166701
269.748294
270.481254
271.864259
272.786846
275.064319
275.580564
277.688495
278.198766
280.978681
281.672708
283.665483
285.274989
287.928521
289.398769
291.550064
294.319782
295.705671
298.557585
300.808483
302.891076
305.393916
308.619932
311.065401
314.339931
317.870626
320.766418
324.416699
328.432017
332.588243
337.240524
341.082285
346.691968
352.144574
357.895782
364.039015
370.747212
377.986178
386.502572
395.034004
405.317393
416.413982
427.908158
441.335471
455.201571
469.678988
484.334597
498.144459
509.143299
517.217197
521.145273
519.951998
512.702835
499.958012
482.864865
462.916508
437.267415
409.680446
383.356485
353.682597
326.023218
296.439147
269.442996
245.612193
223.283466
203.729915
186.203440
170.281424
156.682612
143.897824
132.469879
122.214094
112.413577
103.399478
95.545180
88.729037
82.372796
76.824090
71.603650
66.920674
62.616950
58.522423
54.885018
51.547039
48.505602
45.792844
43.099862
40.739164
38.498978
35.779937
33.584145
31.584056
29.569959
28.117737
26.496798
24.589102
23.243384
21.939175
20.514866
19.533362
18.432067
17.486408
16.098356
15.183494
14.095486
13.139320
12.402960
11.465747
10.868131
10.073369
9.550429
8.724045
8.140025
7.512229
6.951488
6.523309
5.874810
5.518218
5.075825
4.654754
4.302282
4.036228
3.693335
3.370013
3.134344
2.743350
2.514892
2.207122
1.922013
1.672646
1.473338
1.240966
1.145998
1.001692
0.871292
0.697940
0.581548
0.456298
0.394909
0.318276
0.276045
0.186330
0.171704
0.140494
0.122984
0.090848
0.071895
0.061183
0.046145
0.047484
0.033373
0.035639
0.032652
0.023896
0.017922
0.014214
0.019879
0.007622
0.007725
0.009373
0.004944
0.004532
0.006077
0.005356
0.005665
0.005150
0.008961
0.007519
0.007725
0.002678
0.007313
0.007313
0.004944
0.003708
0.003296
0.007622
0.002472
0.004635
0.005871
0.005150
0.006798
0.005665
0.002678
0.004532
0.007004
0.001030
0.000000
0.000000
0.004429
0.001133
0.000515
0.000721
0.001030
0.001030
0.001751
