215.354202
218.960063
219.400203
219.952846
220.464632
220.433842
221.121078
221.651631
222.544714
223.441121
223.283754
224.269988
223.933749
224.609549
224.932005
225.691571
226.756489
226.560806
227.488882
227.986983
227.723662
228.369161
228.944285
228.933435
229.338387
229.536807
229.807068
230.387177
231.359726
231.508101
231.421500
232.026827
232.125548
232.684544
232.935158
233.291434
233.629823
233.939865
235.458997
235.392043
235.841468
236.093842
236.513456
236.854581
237.623042
237.429412
237.781093
238.624328
238.768402
239.452705
239.855018
240.065460
240.043175
240.827568
241.762193
242.159130
242.459203
243.562338
244.435873
244.664690
246.108755
245.627368
246.372663
246.574797
247.536888
248.169192
248.805307
249.147215
249.784894
250.003254
250.888518
251.432559
252.667746
253.021871
254.534356
254.745874
255.791437
256.664191
257.347419
258.654251
258.976317
260.107602
261.213376
262.196482
263.356894
263.942770
264.753944
266.251964
267.002733
268.139687
269.339393
270.023012
271.419573
273.313454
274.599565
276.208133
277.331598
279.538943
281.418554
283.020181
285.226647
286.383150
287.951153
289.764982
292.444723
294.012433
296.829308
299.202621
301.633604
304.352930
307.475254
309.854334
313.569962
316.617511
320.642008
323.827670
328.046872
331.971183
337.241032
342.280793
347.759520
353.486223
359.889606
365.836330
373.341968
380.141896
387.106132
393.773911
399.532967
405.759238
410.958712
416.246057
420.781852
425.919747
430.992056
435.656579
439.184246
441.692641
442.713280
441.812670
438.891503
435.410168
429.173829
422.707695
413.890142
404.429338
394.368974
381.286963
367.591610
352.323074
335.813974
319.334198
303.662567
286.454209
269.086237
251.895669
232.937797
215.665125
198.265874
184.356756
171.310715
161.274591
152.089815
145.447938
137.674581
130.660300
122.618343
113.759054
104.273129
94.779972
85.538407
76.181016
66.614746
57.826809
49.573140
41.607422
34.136679
27.601538
22.068758
17.364259
13.679127
10.664810
8.152896
6.261361
4.647124
3.464035
2.491095
1.682755
1.070391
0.672379
0.421080
0.231359
0.194901
0.114360
0.090120
0.055030
0.055421
0.044278
0.037729
0.033624
0.037045
0.032060
0.022579
0.026684
0.020331
0.011827
0.016616
0.010459
0.014564
0.015150
0.009286
0.011045
0.008699
0.009383
0.005962
0.009090
0.009872
0.006256
0.008210
0.011143
0.010068
0.012316
0.009383
0.010068
0.011729
0.011925
0.006842
0.011534
0.003910
0.006647
0.003421
0.007135
0.003519
0.008797
0.002835
0.008406
0.006744
0.005962
0.007526
0.005962
0.004692
0.004496
0.003714
0.005376
0.004398
0.002444
0.005278
0.002248
0.002346
0.002639
0.003617
0.001955
0.001173
0.001173
0.001173
0.005083
0.001466
0.000489
0.000489
0.000586
0.000586
0.000586
0.001173
0.000098
0.000586
0.000684
0.000684
0.001075
0.000977
0.000489
0.001368
0.002053
0.000000
0.003128
0.001368
0.000000
0.000000
0.000000
0.000000
0.000000
0.000000
0.000000
0.000000
0.000000
0.000000
0.000000
0.000000
0.000000
