223.198660
226.477948
227.495023
227.535433
228.371477
228.670092
229.177765
230.041645
230.510540
230.383838
230.633883
231.668619
231.844947
232.320177
232.776977
233.224083
233.916435
234.204683
234.543324
234.944452
235.093903
235.060020
235.492728
236.467664
236.412664
237.314843
237.478116
238.105869
238.086192
239.033964
239.431349
239.813760
240.302524
240.348117
241.013881
241.740884
242.751720
242.834460
243.700260
243.505695
244.338091
245.181526
245.292391
246.162222
246.425321
247.096364
247.457274
248.114495
248.400343
249.394189
250.043635
250.516369
251.197586
251.750470
251.880244
253.024693
254.414579
254.522373
255.044348
255.658567
256.492691
257.238411
258.052090
258.750105
260.128762
260.344348
261.898756
262.635837
263.888751
264.741017
266.145398
266.844277
267.702014
268.672823
270.165224
271.240562
273.027258
274.059211
275.682825
277.228306
279.511829
281.194859
282.106733
284.272672
286.217650
287.973054
290.165677
292.228527
294.418559
296.431207
298.799390
301.525411
303.423548
306.073740
308.934718
311.810095
315.392605
319.245510
321.486415
325.887307
329.391301
333.398648
337.761626
342.886738
347.530189
353.407548
358.865254
364.789935
371.770470
379.065264
388.381826
397.365218
408.017915
419.107638
431.493278
443.684256
457.038881
469.421353
481.800178
492.492708
502.051828
510.246210
515.051303
518.899888
517.780204
514.406272
506.495339
491.544744
472.313047
449.584845
422.711937
393.760631
362.262510
332.121833
302.908099
275.916745
250.110921
225.189423
202.391438
180.599393
160.107776
140.424654
122.451534
106.614118
91.581071
79.895942
68.972275
59.713017
52.100219
45.414556
40.479977
35.699745
31.797023
28.410134
25.557986
23.073083
21.086735
19.445267
17.690343
16.133535
14.730402
13.611197
12.611688
11.729091
10.899574
10.206934
9.443936
8.777405
8.217227
7.618846
7.067978
6.660035
6.163208
5.561563
5.248455
4.771593
4.460116
4.184731
3.865287
3.576271
3.269882
2.924234
2.601431
2.374710
2.129560
1.913590
1.726608
1.527244
1.387871
1.177756
1.038672
0.855625
0.720668
0.646374
0.505466
0.398921
0.353327
0.254941
0.213186
0.188230
0.135533
0.104529
0.073910
0.040698
0.039451
0.019197
0.013438
0.006143
0.001152
0.002976
0.003647
0.000384
0.000384
0.000864
0.000000
0.000480
0.000384
0.000384
0.000672
0.000480
0.000384
0.000384
0.000672
0.000672
0.000000
0.000576
0.000576
0.000384
0.000672
0.000960
0.000576
0.000192
0.000960
0.000288
0.001152
0.000576
0.000864
0.000768
0.000672
0.000960
0.001056
0.001152
0.000000
0.002592
0.002784
0.000000
0.000000
0.000000
0.000000
0.000000
0.000000
0.000000
0.000000
0.000000
0.000000
0.000000
0.000000
0.000000
0.000000
0.000000
0.000000
0.000000
0.000000
0.000000
0.000000
0.000000
0.000000
0.000000
0.000000
0.000000
0.000000
0.000000
0.000000
0.000000
0.000000
0.000000
0.000000
0.000000
0.000000
0.000000
0.000000
0.000000
0.000000
0.000000
0.000000
0.000000
0.000000
0.000000
