217.543759
220.734771
221.416576
221.679056
221.877451
222.469113
222.875560
222.890047
223.997314
224.261102
225.046631
225.033049
225.918078
225.936791
226.243739
226.915885
227.927073
228.166616
228.543786
228.870654
229.854779
230.033858
229.867255
230.727534
231.096153
230.536685
231.731277
231.608538
232.743673
233.219839
233.870054
234.231631
234.120562
235.046839
235.356906
236.017885
235.736290
236.156923
236.929273
237.092656
237.733716
238.029899
238.314211
238.679611
238.202237
238.923077
239.903379
240.064046
240.325219
241.396770
241.992155
242.471641
242.974066
243.136343
244.129825
243.774888
244.410112
245.111535
244.948655
245.996564
246.170612
247.159968
247.894189
248.308986
248.588368
250.019585
250.496154
250.979565
251.520019
252.164801
252.923871
253.085343
254.354082
255.423420
256.566804
257.241164
258.129210
258.924800
259.917779
261.086817
261.856753
261.786329
263.795425
264.218673
265.465882
266.839653
267.664922
268.900762
269.695950
271.057548
272.562408
273.975818
275.159544
276.782415
278.093408
279.877751
281.243977
282.651954
285.164984
286.167721
287.698236
289.924540
291.947620
294.316180
296.736955
298.423207
300.986842
303.592027
306.558487
309.127555
311.635756
314.786827
318.086393
321.275795
324.741763
328.420914
333.065678
337.064152
341.096630
346.269373
351.582059
356.058712
362.203507
367.898897
375.212229
382.724558
390.524921
399.217557
408.233036
418.072476
429.423718
441.096395
454.717503
468.358934
483.039219
499.387849
516.625431
532.560370
547.966122
561.176357
569.909537
573.511120
569.435985
556.397988
535.027423
504.906676
466.905081
425.610158
380.701779
336.169364
293.473306
251.716904
214.266830
178.981488
146.752850
119.674822
95.658025
76.001379
60.197731
47.413461
38.257234
30.700840
25.481616
21.234848
18.144945
15.617528
13.341122
11.692396
10.182405
8.899682
7.907710
6.931432
6.296610
5.639151
5.021835
4.455726
4.101091
3.718790
3.304797
3.019177
2.801064
2.399849
2.227109
1.968351
1.854767
1.763719
1.559288
1.427092
1.332623
1.190870
1.085636
0.931408
0.857764
0.753235
0.687137
0.615305
0.549307
0.509266
0.477072
0.400008
0.405340
0.339745
0.310670
0.266303
0.270428
0.241454
0.228476
0.182499
0.158555
0.143866
0.135415
0.105535
0.081491
0.081591
0.062476
0.056943
0.052315
0.054126
0.039739
0.048794
0.034206
0.032797
0.017707
0.024850
0.013381
0.017807
0.014387
0.015393
0.017908
0.016701
0.012777
0.007747
0.010262
0.008853
0.009155
0.011871
0.014085
0.006036
0.009558
0.006338
0.008954
0.010966
0.005634
0.004225
0.004225
0.004326
0.003924
0.005231
0.005835
0.005231
0.005030
0.008048
0.004427
0.004427
0.006942
0.004628
0.005835
0.009457
0.004829
0.003622
0.005030
0.003320
0.006137
0.004326
0.001610
0.005433
0.003119
0.002918
0.002616
0.005735
0.003521
0.006137
0.004225
0.005332
0.003722
0.001509
0.001207
0.003219
0.000905
0.000000
0.000805
0.000000
0.000604
0.004829
0.000402
0.001509
0.000000
0.002012
