210.143448
214.004108
214.527014
215.266670
215.856658
216.299665
216.284368
217.014308
217.439641
218.161105
218.822412
218.835953
219.359893
219.380461
220.316504
219.985024
220.674859
220.851504
220.800030
222.374951
221.729147
222.368852
222.987678
224.223986
223.754208
224.699243
224.657795
224.669785
225.579781
225.740094
226.646266
227.088550
227.434915
227.822934
228.655822
229.024203
229.470311
230.152601
230.378757
231.021459
231.402967
231.645556
231.373715
231.807731
231.927734
232.376736
232.861296
232.580255
233.358465
234.088095
234.053365
234.349186
235.162228
235.429728
235.834906
235.975788
236.217447
237.102222
237.635258
238.087362
239.027746
239.697632
239.771846
239.681301
240.146842
240.365452
241.051049
241.474108
241.681555
242.667211
243.307950
243.760364
243.440459
244.200891
245.342830
245.139104
246.269983
246.836818
247.788986
248.044495
249.188915
249.252999
250.578198
251.202709
251.232684
251.868978
252.850707
253.436457
253.971973
254.881039
255.891398
256.615240
257.486992
258.942323
259.309463
259.730869
261.689985
261.685127
263.216842
264.092625
264.786078
266.766590
267.665939
268.537588
269.457609
270.627869
272.004233
272.866889
274.991900
276.507698
278.368723
279.336085
281.314426
282.672597
285.084127
286.420593
288.010708
290.267505
292.574743
294.407861
296.937429
299.640956
301.663742
304.765107
307.383773
310.278208
313.118172
316.115452
319.565352
323.556040
327.068061
330.911976
335.583300
340.532667
345.446582
350.501274
357.200967
362.917587
370.488721
377.454880
384.849060
392.982894
401.833335
409.922311
419.481089
427.822991
435.745245
444.691915
451.642570
459.981371
466.709798
472.419286
477.453927
480.765736
482.814363
484.573888
483.487144
478.430487
470.977805
458.954060
441.587553
417.866581
391.222750
360.076900
327.813608
293.002350
259.053540
226.166771
198.949696
174.473151
154.164146
137.381942
123.600946
112.315305
103.272302
95.524626
89.328201
84.256764
79.016330
75.079183
71.535948
68.563991
64.681936
61.817889
59.172762
56.484844
53.668033
51.043786
48.444345
46.142998
43.627487
41.241488
38.773212
37.025988
34.881648
32.329236
30.621703
28.237151
26.799494
24.947874
23.642830
21.851884
20.502912
19.149185
17.679796
16.519872
15.301756
14.357547
13.239795
12.561433
11.576293
10.786300
10.043130
9.281769
8.786874
8.169805
7.717184
7.209782
6.811840
6.330692
5.865254
5.414391
5.100895
4.821819
4.460570
4.164853
4.064282
3.725359
3.369692
3.188189
2.838413
2.642543
2.384035
2.171627
1.872499
1.623914
1.433729
1.282718
1.064418
0.882295
0.730560
0.601771
0.460786
0.355667
0.257370
0.175508
0.090751
0.064084
0.036073
0.027804
0.021292
0.016848
0.019639
0.011887
0.010750
0.009303
0.008786
0.007132
0.007132
0.005788
0.003514
0.001964
0.003721
0.003101
0.002687
0.002067
0.001654
0.001034
0.001240
0.001137
0.002584
0.002894
0.000207
0.000413
0.000517
0.000000
0.000103
0.001034
0.000620
0.000000
0.000000
0.000000
0.001137
0.000103
0.000930
0.000310
0.000000
0.000000
