222.857858
225.540009
226.197831
226.680985
227.016801
227.464459
228.222062
228.602518
228.510030
228.953797
230.398204
229.738340
230.479508
230.788871
231.191986
231.876844
232.717697
232.330045
233.255022
233.188111
233.586267
233.758892
234.007082
235.268361
235.556523
235.614291
236.414006
237.276352
238.193062
238.049321
238.086569
238.597928
238.291191
239.710993
240.044085
240.508859
240.342070
241.049102
241.460094
242.306004
242.556918
243.262394
243.849026
244.721292
244.785771
245.749844
246.147999
246.847640
247.369696
247.838846
248.707708
249.674503
250.246353
250.650052
251.223263
252.356752
252.731469
253.635925
254.212346
255.437349
255.987804
256.678400
257.472571
259.111582
258.981165
260.592459
261.289279
261.809974
262.782022
263.822244
265.018266
265.999163
267.193629
268.703877
270.029927
271.242676
272.492090
274.170878
275.207988
276.764139
278.576067
279.870315
282.077480
284.086346
285.289273
287.238522
289.569880
292.061025
293.890361
296.581654
298.346219
301.063965
303.159191
306.234148
308.789773
311.635115
315.579711
318.765537
322.155109
326.038437
330.131053
334.063202
339.812432
343.845821
350.237605
354.805596
362.498240
369.174587
378.091166
386.622037
396.287661
407.493195
419.273691
431.381736
444.492463
456.556841
465.693407
474.798365
479.575159
479.417122
477.111828
470.473021
461.323229
451.363803
437.689103
423.529109
407.496501
391.940435
375.943033
359.899825
342.415321
325.888764
308.670832
291.958715
276.426864
260.053286
244.360676
229.960272
213.920273
199.453931
185.535903
172.314112
160.556179
149.510822
138.800891
129.602570
121.067322
114.100576
106.904313
100.942876
94.572780
89.232986
83.550763
78.699570
74.178942
69.735921
65.321688
61.079398
57.245573
53.712844
50.586343
47.117996
44.463757
41.563175
39.141857
36.867684
34.813207
32.534949
30.782055
29.250022
27.413295
25.971708
24.337754
22.875355
21.297516
19.832394
18.241135
16.955542
15.769926
14.456131
13.023102
11.881639
10.727242
9.579457
8.582124
7.500180
6.737908
5.948114
5.048714
4.299863
3.745714
3.207222
2.806830
2.323189
1.872711
1.528240
1.203997
0.933438
0.694195
0.543744
0.434042
0.335816
0.238757
0.164650
0.142768
0.098907
0.077219
0.036081
0.027425
0.014880
0.009823
0.006127
0.006127
0.005154
0.005932
0.002820
0.004474
0.002529
0.004863
0.002918
0.002334
0.002042
0.002820
0.002042
0.003015
0.003501
0.001653
0.004085
0.004474
0.001459
0.001264
0.002334
0.001459
0.004085
0.001167
0.002529
0.004474
0.003307
0.001653
0.003404
0.002918
0.000292
0.000778
0.000681
0.000778
0.000778
0.000778
0.000778
0.000875
0.000973
0.001070
0.001167
0.001556
0.003307
0.000000
0.000000
0.000000
0.000000
0.000000
0.000000
0.000000
0.000000
0.000000
0.000000
0.000000
0.000000
0.000000
0.000000
0.000000
0.000000
0.000000
0.000000
0.000000
0.000000
0.000000
0.000000
0.000000
0.000000
0.000000
0.000000
0.000000
0.000000
0.000000
0.000000
0.000000
0.000000
0.000000
0.000000
