222.152178
225.263186
225.985889
225.950761
227.170831
227.148554
228.120155
229.115318
229.671375
229.863725
230.342242
230.659684
231.347687
231.604296
231.760231
232.195910
232.697132
233.464389
233.432687
233.684584
234.226076
234.567507
234.628339
235.117567
235.021178
235.583233
236.157283
236.436168
236.911259
237.702505
237.692223
238.057216
238.758071
239.120922
240.503783
240.092523
240.620735
241.353719
241.499374
242.114978
242.331746
242.966628
243.503836
244.052611
244.232109
244.951813
245.554994
246.465763
246.769495
247.361109
247.999418
248.190483
249.037420
249.470528
250.420281
251.151552
251.894390
252.131292
253.277679
253.734777
254.405216
255.582446
256.061392
256.051539
257.375710
257.855084
258.923074
259.868115
260.757892
261.636531
263.562169
263.503907
264.737686
265.644599
267.248512
268.196551
269.393059
270.609702
271.704681
273.443967
274.695738
276.722906
278.431347
279.438076
281.020569
282.615485
283.976926
285.977961
287.731384
289.323730
291.445572
293.593976
296.227323
297.729705
300.829147
302.876449
305.006859
308.443019
311.165901
314.325746
317.443608
320.580748
324.329637
327.709248
331.904097
336.523485
340.582104
345.118812
350.749213
355.819273
361.941473
368.519485
375.304841
383.348823
391.439928
401.146940
410.490674
421.876997
432.909465
445.577119
459.951500
473.082678
488.504486
503.042943
515.455273
527.103774
533.563121
534.910853
530.791831
521.121232
506.666740
486.894576
464.451795
441.127804
417.433251
392.851491
369.109386
343.052660
317.892566
289.687009
263.031387
235.596941
208.341137
181.448612
157.105896
133.772481
113.135814
93.287396
76.640377
62.626276
49.872943
39.400816
30.920299
24.003426
18.342609
14.073219
10.694893
8.152366
6.145761
4.443318
3.326919
2.696749
2.137265
1.791978
1.489531
1.336594
1.156668
1.025579
0.923621
0.780965
0.703425
0.610464
0.551773
0.498652
0.433965
0.418971
0.357710
0.313585
0.295164
0.284455
0.258751
0.226193
0.193635
0.164932
0.177784
0.170501
0.146083
0.116952
0.104528
0.083109
0.100673
0.087821
0.080538
0.064259
0.071114
0.059119
0.033843
0.022277
0.021420
0.014994
0.011138
0.011138
0.013280
0.009425
0.007711
0.007711
0.006854
0.008568
0.007283
0.005141
0.008568
0.006426
0.008996
0.005141
0.006426
0.004712
0.005141
0.007283
0.005998
0.005141
0.005569
0.004712
0.007711
0.009425
0.004712
0.007283
0.006426
0.006854
0.004284
0.008996
0.008996
0.010281
0.008996
0.006854
0.009853
0.004284
0.008140
0.005998
0.009425
0.011567
0.005998
0.007283
0.005141
0.005569
0.007283
0.005141
0.005141
0.007283
0.004712
0.006854
0.007283
0.004712
0.004712
0.004284
0.002570
0.004712
0.005569
0.004712
0.002570
0.002570
0.000428
0.001285
0.001714
0.002999
0.003427
0.002142
0.003427
0.002142
0.004712
0.003427
0.005569
0.004284
0.001285
0.000428
0.001285
0.000857
0.000428
0.001285
0.000428
0.000857
0.000000
0.000857
0.001285
0.000428
0.003856
0.000428
0.001714
0.002142
