221.349813
224.642806
225.456260
225.544256
226.497000
227.011002
226.625146
227.888839
227.791291
228.159282
228.889339
229.614620
230.022762
230.667918
230.782092
231.883500
231.687786
232.255382
232.956431
232.809093
233.178234
233.560640
234.000355
233.792171
234.878191
234.886328
235.304994
235.834826
236.131625
236.594775
237.118329
237.134778
237.821854
238.452152
238.687221
238.807585
239.417012
239.694973
240.021222
240.823001
241.618325
242.031066
242.727163
242.760857
243.551317
244.052319
244.745586
245.093678
245.346346
246.358432
247.123863
247.912997
248.437523
248.636597
249.644527
250.393686
250.892654
251.210323
252.109385
252.165544
253.328682
254.664893
254.804360
255.647529
256.697643
257.460333
258.418649
259.332657
259.475661
261.017580
261.734371
262.444087
263.344121
264.731892
265.600974
267.142538
267.695630
269.013270
270.283418
271.809329
273.212577
274.575939
276.544483
277.695947
279.291105
281.364714
283.284794
284.706436
286.735649
288.530412
290.022805
292.284610
294.451255
297.061064
298.724851
301.531169
304.691505
306.822687
310.533196
313.039355
316.087021
319.519658
323.269965
327.052994
331.272111
335.858777
339.649588
345.540628
351.341992
356.767581
363.422461
370.275619
378.298990
386.633752
395.608717
405.481153
415.860338
426.802167
437.155883
446.499723
457.224613
466.268295
473.830108
480.017857
484.149244
486.167402
485.049986
480.401679
471.341724
459.946296
446.035511
428.861714
411.910957
393.093272
375.324109
357.210391
338.779534
320.681116
301.370830
279.166408
258.273257
238.105387
218.735494
199.965211
183.357329
167.702810
153.610019
140.777030
128.130114
116.089265
105.021411
95.276769
87.117734
79.132215
73.146988
66.747429
61.333602
56.484186
51.438438
47.324474
42.835443
39.081687
35.341816
32.096315
28.950217
26.445031
24.101155
21.450665
19.094850
17.147708
15.028377
13.377768
11.630231
10.223269
8.923671
8.042208
6.907105
6.278576
5.442835
4.882049
4.369993
3.936027
3.385942
3.046251
2.566739
2.261716
2.056717
1.853398
1.532367
1.350185
1.250073
1.098136
0.979806
0.821236
0.810093
0.669477
0.627026
0.557868
0.469076
0.403101
0.363746
0.308384
0.236660
0.190938
0.152998
0.127705
0.091091
0.075791
0.062437
0.042804
0.045988
0.030865
0.021137
0.011232
0.003714
0.004687
0.003626
0.004333
0.004333
0.004422
0.002653
0.004068
0.005483
0.004245
0.006368
0.008667
0.002476
0.007694
0.007429
0.005483
0.009463
0.003095
0.009728
0.009109
0.004422
0.005395
0.008313
0.007075
0.006987
0.003891
0.005395
0.006279
0.003184
0.004864
0.003449
0.006898
0.007783
0.003449
0.003714
0.000442
0.003184
0.002211
0.000973
0.004157
0.001061
0.002653
0.002299
0.001415
0.002476
0.002034
0.000531
0.002034
0.001680
0.001680
0.003626
0.002476
0.003626
0.004157
0.002918
0.004776
0.001061
0.002388
0.001150
0.002918
0.001680
0.000973
0.046607
0.001857
0.002299
0.000354
0.000000
0.000973
0.000000
0.003626
0.002211
0.000000
0.000973
0.000265
