219.837501
222.972035
223.427576
224.560533
224.831240
224.910034
225.781956
226.298599
226.084393
227.324688
227.137848
227.271845
227.479327
228.636465
228.848430
229.392556
229.716578
230.166340
230.138031
231.301774
231.881994
231.734786
232.488990
232.730208
232.488872
233.213587
233.964370
234.566765
234.433476
234.883474
235.086121
236.504293
236.125421
236.650085
237.503253
237.882831
238.399592
238.477442
238.537363
239.513086
239.525353
240.547904
240.978086
241.670835
241.959707
243.051615
243.157775
244.102593
244.613220
244.760074
245.484435
246.519961
247.284899
247.930230
248.464919
249.282583
249.283526
250.164532
250.764804
251.603817
252.356841
252.932815
254.116375
254.306754
255.498570
256.635537
257.101577
257.761535
258.498281
260.338024
260.644471
261.511675
262.448945
263.434104
264.533915
266.278114
267.234257
268.072209
269.556671
270.600100
271.906804
273.367440
274.623895
276.121805
277.587512
279.492602
281.585712
283.254420
285.078238
286.678414
288.990802
291.281015
293.371293
295.780168
297.901705
300.880774
303.847930
306.406725
309.103764
312.703158
316.317178
320.208864
322.943766
327.811765
332.270460
336.652721
341.605057
347.155779
352.958570
359.064741
366.169873
373.225935
380.217358
387.430654
393.806352
399.914411
405.349301
410.451912
414.107452
417.770187
420.827225
424.112740
427.841413
431.545550
435.053057
437.637449
439.173576
438.536148
435.781193
432.633684
425.453180
418.945726
409.489400
399.022790
385.899953
370.072529
349.811062
328.628839
303.939345
277.626202
251.988586
227.855367
205.930618
186.353172
171.352847
158.292409
147.779089
138.822773
132.122109
126.042124
119.874970
115.577755
111.244328
105.977406
102.097633
97.114038
92.809864
87.772364
82.601103
78.154086
73.187949
68.925176
64.629849
60.707494
56.898967
53.095983
50.319560
47.236927
43.891844
41.365604
39.057226
36.687395
34.505347
32.477938
31.142099
29.227691
27.936910
26.463418
24.811931
23.581190
22.259741
21.386049
19.913146
18.431987
17.344206
16.460017
15.309956
14.169450
12.787609
11.570432
10.261604
8.985922
7.852376
6.738056
5.557799
4.564501
3.754269
2.914901
2.254944
1.744553
1.282877
0.950716
0.611360
0.401283
0.288164
0.182358
0.101559
0.056147
0.042818
0.021940
0.017929
0.009554
0.002949
0.003067
0.003657
0.002123
0.004246
0.003539
0.003657
0.004364
0.003303
0.006370
0.006252
0.002477
0.003421
0.004246
0.003303
0.004246
0.007313
0.004364
0.008493
0.002359
0.005190
0.003893
0.001062
0.001651
0.002595
0.002831
0.003185
0.001415
0.000000
0.000354
0.000236
0.000000
0.001415
0.000354
0.001415
0.000236
0.001298
0.000000
0.002241
0.000354
0.000944
0.000826
0.000000
0.000000
0.000826
0.000826
0.000944
0.000000
0.000000
0.002595
0.000472
0.000590
0.000944
0.000472
0.001180
0.000000
0.000000
0.000000
0.001180
0.002241
0.000000
0.001769
0.000000
0.000708
0.001533
0.001651
0.001651
0.000000
0.000000
0.000000
0.000000
0.000000
0.000000
0.000000
0.000000
0.000000
