219.086049
222.154261
222.435601
223.102604
223.875970
223.875970
225.065097
224.727897
225.360721
226.324113
227.025040
226.888833
227.348211
227.801722
228.538358
228.501373
228.586311
229.616275
229.428035
229.780794
230.942629
231.220143
231.252281
231.604785
232.089924
232.435797
232.684998
233.456324
233.338992
233.465761
234.351612
234.545464
235.391014
235.593283
235.853963
236.157749
236.555399
236.975752
237.809059
238.327612
238.844890
239.432056
239.323397
239.511382
239.884292
240.888749
240.861457
241.762357
241.882239
242.029413
242.618875
243.270574
243.510848
243.712607
244.690538
245.298875
246.295425
246.918811
246.921362
248.199763
248.647662
249.346293
249.656456
250.140830
251.407753
251.948242
252.581576
252.864191
253.772233
255.095781
255.958166
256.380048
257.273296
257.966826
258.537158
258.945012
261.020500
261.250571
261.815802
263.353606
264.415199
265.684928
266.244547
267.781332
268.997751
269.888448
271.215567
272.756688
273.849144
275.443063
277.043360
278.611008
280.179166
281.536637
283.108876
285.202730
287.172875
288.841529
290.520387
292.637706
295.351884
297.575567
299.591624
302.321362
305.173787
307.779051
310.562353
313.601233
316.792133
319.819535
323.491239
327.120091
330.915758
335.078212
339.602863
344.310907
349.289069
355.485946
361.144629
367.885310
374.100297
382.230588
390.616969
399.609135
408.950745
418.719593
429.162841
438.636321
448.263607
458.163050
467.421253
476.554982
485.012016
492.303899
500.601771
506.834612
512.813660
517.918846
519.570666
517.890278
512.453759
502.574721
486.632973
464.925668
437.875708
404.668663
369.585338
330.521422
291.891632
253.635261
216.178784
180.423100
147.745576
119.008597
92.675379
69.781753
50.978141
35.421545
23.669033
15.173739
9.586730
6.009912
3.562790
2.165782
1.436033
1.008794
0.783059
0.627722
0.539979
0.476212
0.384643
0.279810
0.243335
0.225735
0.187220
0.185179
0.149215
0.147174
0.124218
0.120902
0.107384
0.098966
0.086213
0.089529
0.074735
0.077286
0.073715
0.053309
0.045912
0.059431
0.043106
0.044637
0.048973
0.038005
0.049738
0.033159
0.028313
0.027037
0.027802
0.022446
0.016834
0.022701
0.021426
0.017600
0.019385
0.020661
0.019895
0.018365
0.019640
0.019895
0.018365
0.021936
0.020150
0.010203
0.014029
0.011478
0.011988
0.012498
0.014794
0.011733
0.013774
0.015814
0.014539
0.011478
0.011988
0.010203
0.009693
0.015304
0.008927
0.010458
0.011988
0.012753
0.015814
0.009693
0.011733
0.012753
0.014029
0.016069
0.010713
0.010458
0.012498
0.006887
0.008417
0.006632
0.009182
0.009693
0.010203
0.004336
0.003571
0.004846
0.003571
0.001530
0.003316
0.002041
0.002296
0.002806
0.002296
0.002551
0.002806
0.002551
0.002296
0.003316
0.003316
0.004846
0.001785
0.005356
0.005356
0.002041
0.002806
0.004591
0.002806
0.004336
0.001785
0.001275
0.002551
0.002551
0.001785
0.001275
0.000765
0.002041
0.001275
0.000765
0.007142
0.001530
0.003571
0.003826
0.003571
0.002296
