212.704505
216.208921
216.978586
217.223623
217.639696
218.353708
218.456758
219.215618
219.381253
219.734334
220.272620
220.915180
221.267242
221.919281
222.574785
222.621469
222.639510
223.714758
223.240890
224.183936
224.947995
225.053083
225.665574
226.453178
226.684047
227.167495
227.052621
227.818005
228.309812
228.469432
229.448459
229.251634
230.245441
230.141575
230.693010
230.593018
231.395402
232.565239
232.405924
232.959908
232.947778
233.537029
233.882058
234.023128
234.766393
235.098273
235.666628
235.633603
235.833282
236.124289
236.749826
236.991907
238.363767
237.903355
238.707675
239.439932
239.945295
239.846424
240.356171
241.254062
241.861660
242.306987
242.470379
242.611958
243.566929
244.010422
244.612312
245.596638
245.566162
246.239300
246.628056
247.313630
247.850489
248.259326
248.927673
250.244288
250.477603
250.323793
251.404544
252.024475
252.925832
253.790596
255.033007
255.657321
256.599857
257.546267
258.685525
259.295977
260.230563
261.352596
261.938381
262.756054
263.591667
265.106329
266.067213
267.360486
268.366422
269.634722
271.135930
272.253172
273.770587
274.847058
277.060646
278.217946
279.493790
281.322597
283.499594
284.649453
286.688641
289.150121
290.390493
292.563005
294.457862
296.718644
299.012145
301.805097
304.414374
307.041182
310.305045
313.466471
316.508945
319.742128
323.039118
327.130746
331.706536
335.846274
340.601153
345.580683
351.460958
357.463955
364.153342
371.626357
379.188356
388.158095
398.027253
408.325328
420.587980
432.230803
445.875814
458.327543
470.036416
479.120620
485.330432
487.098591
485.106290
479.521405
468.997659
455.962183
441.358531
424.901507
406.302958
389.358001
370.844155
353.006505
336.142479
319.121993
302.784226
287.317950
270.996492
255.166330
240.255567
224.973986
208.884008
194.450680
178.450603
163.815150
150.546664
137.070141
125.405812
114.766173
105.501249
97.738144
91.476247
85.066859
79.830163
75.122987
71.130332
67.263050
63.745281
60.204987
56.836034
53.981823
51.382841
48.998216
46.737944
44.247007
42.153490
39.760608
38.029857
36.308176
34.548171
32.769309
30.893410
29.336957
27.800583
26.511489
24.839143
23.529765
21.855176
20.476180
19.352619
18.361157
17.140661
16.184058
14.947356
13.906254
12.807461
12.062667
11.058974
10.161491
9.280723
8.725415
8.085404
7.438563
6.806503
6.329374
5.889551
5.455130
4.897273
4.471109
4.059112
3.672904
3.299233
2.911088
2.646786
2.330501
2.148966
1.877224
1.677953
1.493360
1.191344
1.103176
0.891775
0.761612
0.608515
0.494049
0.393140
0.306602
0.223122
0.170833
0.122518
0.098769
0.091328
0.067783
0.067783
0.038427
0.028846
0.019366
0.015187
0.018347
0.008052
0.013862
0.009072
0.009887
0.010601
0.009581
0.014168
0.008052
0.010601
0.013557
0.004587
0.003568
0.006320
0.003669
0.002344
0.002548
0.004383
0.002039
0.002344
0.004077
0.007135
0.003262
0.001631
0.004281
0.002446
0.003568
0.000408
0.002141
0.002752
0.001529
0.000815
0.000612
0.002446
0.001121
0.001529
0.001019
0.000000
0.000612
