205.158528
207.726018
208.596349
208.449215
208.646231
209.814696
209.532223
210.416378
210.398203
210.911431
211.760301
212.337331
212.373196
212.993632
213.676034
213.952320
214.418855
214.685861
215.028464
215.819041
216.009290
216.416083
216.809824
217.586867
217.993950
218.574944
219.232598
219.540593
219.476016
219.696040
220.065227
220.426004
220.858801
221.251673
221.147558
221.783944
222.232209
222.605843
223.950829
224.141562
224.206718
224.550868
224.905071
224.969647
225.600330
226.522573
226.917572
227.609835
227.358006
227.635356
227.847646
228.258015
228.541262
228.845582
229.198142
230.131213
230.364094
230.890662
231.217314
231.485190
231.472429
231.702120
232.740465
232.361417
233.291878
234.044173
234.310792
234.824020
235.013882
235.484671
235.488924
236.181380
236.440846
237.205805
237.665960
238.422219
238.357352
239.067886
239.707559
240.475032
241.060086
240.980912
241.890685
242.481829
243.115219
243.752475
243.872928
244.818179
244.876085
245.451955
246.110866
247.156365
247.728369
249.071035
249.234119
250.259897
250.999239
251.621511
252.046381
253.537631
253.927410
255.096648
255.780887
256.441538
257.359044
257.822969
258.502278
259.708928
260.604006
262.140498
263.504239
264.813457
266.322785
267.548575
268.666868
269.803045
271.365058
272.274444
274.071948
275.027736
277.038787
278.968055
280.568253
282.751185
284.413543
286.859905
288.669300
290.284192
293.022598
295.449818
298.164152
301.208038
304.220313
307.346176
310.523372
314.601253
318.808094
323.253036
328.053051
333.139020
338.055234
344.485126
349.108233
355.026154
359.996794
364.695208
368.914422
371.903012
374.792321
375.601459
377.911224
378.983018
378.841491
378.426675
376.648215
374.414047
372.149814
370.130739
365.959087
361.185850
356.005143
350.249243
343.725580
336.430481
328.595667
319.411419
310.564747
301.582736
292.153137
283.826556
275.738463
268.635256
262.033483
255.850006
249.445539
243.972016
238.957970
233.202360
228.621885
223.661299
218.889415
214.197865
210.441512
206.238925
201.934350
197.695607
193.603129
190.063416
186.104923
182.401933
178.076670
173.350898
170.338044
165.850373
162.629192
158.230555
154.260172
150.762125
146.337291
141.991630
137.716733
134.038973
129.690896
125.391444
121.265517
116.607802
112.336192
108.258794
104.160128
100.079153
96.112734
91.873701
88.833875
85.086223
81.520022
78.218797
74.916026
71.141402
67.925151
64.482013
61.028047
57.786082
54.315586
50.840159
47.570739
44.120544
40.962102
38.011697
34.685241
31.537143
28.644354
25.905272
22.926543
20.211338
17.265090
14.993124
12.652520
10.510770
8.740430
7.004795
5.726512
4.604449
3.714398
3.019428
2.288981
1.859471
1.346533
1.056036
0.772596
0.594045
0.408919
0.270776
0.176812
0.148487
0.131279
0.092224
0.066220
0.045242
0.050559
0.022041
0.019141
0.013921
0.011987
0.016531
0.011117
0.013534
0.010344
0.011891
0.011794
0.011697
0.006380
0.007154
0.010440
0.010247
0.011504
0.014694
0.012857
0.003190
0.007444
0.006767
0.005027
0.002900
0.000000
0.000000
0.000967
0.000580
0.000193
0.000097
