206.813522
209.861478
210.478717
210.970042
211.438403
212.210972
212.674494
213.075581
213.379314
214.767983
215.244885
214.862396
215.740574
216.094976
216.291108
216.326595
216.389505
216.969169
217.079617
217.810721
218.192545
219.130218
219.054688
219.677051
219.666613
220.393446
220.732382
220.660173
221.337286
222.385786
222.130635
223.356858
223.390543
222.916488
223.389499
223.586579
224.885106
224.991664
224.994416
225.688039
226.253090
226.435178
228.080327
228.241065
228.555710
229.079960
229.383693
229.738190
229.547942
230.286067
230.088038
231.334472
231.454978
231.637446
232.409635
232.040715
232.818218
233.191218
233.576079
233.751430
234.524948
234.791106
235.242387
236.093143
236.692164
236.718732
237.236340
237.488360
238.074950
238.907488
238.942121
239.384674
240.315134
240.365994
240.811298
241.053164
241.966261
242.726589
242.395719
243.403038
243.884873
244.376767
245.238245
246.110350
246.350793
246.815264
247.726084
248.385452
249.133920
250.191149
251.246956
251.488158
252.257311
252.771408
253.940509
254.850285
255.438963
256.464120
257.378830
257.988478
259.040584
259.967059
260.771700
261.481738
263.241320
264.403874
265.311277
266.734390
267.932053
269.042893
270.549222
271.649720
273.097124
274.327048
275.924563
277.621615
279.331381
281.005470
282.451831
284.683380
286.430722
288.734101
290.751870
293.434701
295.671280
297.954922
300.917385
304.152743
306.906644
309.917689
313.458962
316.659401
320.767623
325.594993
329.522835
335.156363
340.249036
345.650376
352.792890
359.144712
366.485730
373.937765
381.308672
388.900286
396.530329
402.736594
408.255784
410.942980
414.239824
413.915406
414.026803
409.170493
403.063764
395.738213
384.889607
375.474363
363.558375
353.685776
342.319373
332.321997
322.982852
313.513807
304.652227
295.119323
285.958375
277.823344
270.450635
262.522267
255.335916
248.158388
241.021757
235.309947
228.795204
222.833272
216.811562
210.459645
204.987045
198.990480
193.204848
187.206764
181.511274
176.701554
171.243566
165.986929
161.101963
155.923797
151.168921
147.002533
142.764981
137.997959
133.478118
129.893102
126.463606
122.627994
118.817717
115.061146
111.313969
107.283934
103.727953
100.548104
97.283996
93.897958
90.725606
87.639885
84.131063
81.093355
77.717660
74.320425
71.841031
69.506909
66.324119
64.055943
61.243212
58.517396
55.636631
53.086262
50.352856
47.536139
44.921531
42.361768
39.383080
36.823791
33.794812
30.717442
27.833450
25.208784
22.757097
20.105009
18.221031
16.123746
14.153705
12.410728
10.683787
9.259345
8.245100
7.007111
6.030250
5.138693
4.509024
3.857815
3.223876
2.755325
2.270927
1.894606
1.467805
1.191684
0.865748
0.737271
0.534593
0.378219
0.271851
0.189584
0.144608
0.107127
0.082172
0.066326
0.045451
0.037480
0.030838
0.026094
0.023911
0.057312
0.009014
0.013759
0.012715
0.009394
0.014328
0.011481
0.006642
0.006737
0.011007
0.009868
0.008160
0.012240
0.009773
0.009773
0.005314
0.014518
0.007781
0.005314
0.003890
0.003226
0.005978
0.002847
0.002752
0.002182
0.003890
0.001044
