219.844248
223.814447
223.548575
224.156298
224.916197
225.367193
226.398816
226.307663
226.201119
226.845152
227.322161
228.079783
228.270435
228.412422
228.578253
229.092547
230.200150
230.379963
230.732761
231.863992
232.048032
232.316397
232.592891
233.571080
233.618878
233.832725
234.186607
234.112362
234.482502
235.170649
235.205441
235.587937
236.600918
236.639720
237.248311
238.015471
238.208290
238.433301
239.326515
239.994826
240.226665
240.485926
240.480289
241.014093
241.316817
242.265416
242.484574
242.796944
243.689724
244.049567
244.666070
245.469648
245.805429
246.990528
246.413153
247.582535
247.966007
248.303740
249.519837
249.679273
250.035432
251.000831
252.359348
253.275323
253.759810
254.231725
254.965394
255.886897
256.283808
257.395096
258.502264
258.814309
259.219566
260.683002
260.801468
262.184481
263.273549
264.143134
265.758094
266.680247
267.709377
268.707509
269.944850
270.816603
272.210454
274.174310
274.900500
276.747949
278.070698
279.431492
281.154838
283.130400
285.012532
286.436948
288.044213
290.394033
292.435386
294.317843
296.662895
299.381772
301.543000
304.355848
306.547424
309.719465
312.270017
315.611141
318.361667
322.176007
325.715044
329.241184
333.981254
337.731970
342.685453
347.920632
352.623958
358.302113
364.765962
371.789195
378.963734
387.056525
396.043396
405.739441
416.266269
427.514192
440.066331
451.048057
462.220868
472.385685
482.564808
491.794682
498.560496
504.538340
509.371405
512.055381
512.928869
515.101586
512.453377
507.106343
497.431325
481.698475
460.818671
435.518756
404.918413
369.981849
332.345809
293.555344
255.089930
218.614711
183.548624
153.573021
125.815983
102.976984
82.674990
65.968936
51.925507
40.073328
30.683909
23.208705
17.275842
12.817252
9.254044
7.149069
5.398301
4.095711
3.150472
2.395776
1.914432
1.515786
1.302048
1.050808
0.836527
0.687171
0.560575
0.486114
0.433329
0.345320
0.271075
0.214389
0.196830
0.161930
0.159545
0.129630
0.123236
0.090828
0.086276
0.079231
0.072944
0.049749
0.051809
0.056361
0.044005
0.039128
0.039995
0.042704
0.054193
0.026013
0.027964
0.031866
0.020919
0.020593
0.019510
0.024387
0.021027
0.019076
0.018101
0.019510
0.019618
0.015499
0.014524
0.014307
0.011706
0.014957
0.013873
0.015716
0.014957
0.018642
0.010405
0.019076
0.008237
0.008888
0.012031
0.007804
0.009213
0.008563
0.009972
0.008129
0.015933
0.007479
0.008237
0.007479
0.006612
0.008563
0.009972
0.006937
0.008237
0.011055
0.011272
0.011381
0.007262
0.013223
0.007587
0.008996
0.005419
0.009972
0.011597
0.007370
0.008346
0.007587
0.006828
0.007804
0.008779
0.008996
0.005961
0.005961
0.009213
0.008454
0.007479
0.005311
0.004986
0.002168
0.002818
0.003360
0.002059
0.002385
0.003035
0.002276
0.003035
0.003468
0.006286
0.003902
0.003902
0.002601
0.000759
0.002818
0.004444
0.002601
0.002059
0.001301
0.001301
0.002276
0.001084
0.000434
0.000000
0.000867
0.000000
0.000542
0.000434
0.000000
