224.015206
227.245214
228.080771
228.100648
228.897280
229.288815
230.344779
230.284630
230.641277
230.964795
231.632848
232.138572
231.893630
232.763143
232.692642
232.996180
234.143454
234.171820
234.435397
234.763367
235.794692
235.499747
235.694479
236.236540
236.806761
237.557738
237.760545
238.754393
239.507855
239.519657
239.444704
240.289061
240.510089
241.369147
242.034507
242.424386
242.852569
243.226297
244.090428
244.371708
244.886749
245.028579
245.938676
246.378143
247.281820
248.087873
249.024989
249.361345
249.915001
250.675502
251.145613
252.033658
252.440515
253.776827
253.971042
255.422371
255.804071
256.607225
256.727625
258.152245
259.318775
260.581376
260.896923
262.363367
262.935555
264.104983
264.886500
265.931180
266.889726
268.201399
269.495058
270.724325
272.342331
273.529048
275.115375
276.603353
278.206554
280.115468
280.882802
282.792337
284.796909
286.232813
288.344637
290.238850
292.665704
294.674624
296.774232
299.242703
301.807868
304.038126
307.366483
310.347407
313.322844
316.419821
319.556448
323.185962
326.659773
331.307464
335.137922
340.181703
345.357273
350.577151
356.450692
362.531906
369.209118
376.324245
384.818233
393.520101
402.643423
413.584970
424.111172
435.579665
446.701347
457.729960
467.975399
478.033766
486.805411
494.732698
501.473786
508.187440
513.037627
515.403504
516.095264
510.691317
502.190910
485.923267
461.440534
430.323449
391.960898
351.336099
307.259023
265.621845
226.802330
193.073701
165.766782
143.840311
126.333360
112.684921
102.837953
93.933589
86.144715
79.445866
73.775132
68.165375
63.588392
58.986978
54.835797
51.271193
48.140364
45.069372
42.475842
39.974035
37.743259
35.881967
33.759687
31.864439
30.328321
28.622836
27.151526
26.119477
25.056991
23.844288
22.602392
21.552639
20.520901
19.664638
18.593042
17.469786
16.524387
15.528675
14.513397
13.642227
12.640510
11.627924
10.847960
10.108785
9.331305
8.612836
8.001515
7.420839
6.756410
6.104714
5.572591
5.097925
4.422936
3.993097
3.569262
2.998110
2.625727
2.140605
1.768222
1.471620
1.150380
0.866719
0.677887
0.537817
0.356233
0.262335
0.212021
0.144729
0.105182
0.066360
0.043067
0.034888
0.029401
0.014597
0.009835
0.010146
0.005694
0.003313
0.004659
0.003002
0.003830
0.005280
0.002692
0.002795
0.002381
0.002381
0.004038
0.002485
0.004555
0.002174
0.002071
0.001553
0.002071
0.002795
0.001760
0.002278
0.004038
0.003002
0.002071
0.001553
0.000414
0.002795
0.001760
0.002071
0.002381
0.003106
0.003209
0.001760
0.000414
0.000828
0.000104
0.001242
0.000311
0.000414
0.001656
0.000621
0.001242
0.000828
0.001139
0.000828
0.001760
0.000828
0.001967
0.001139
0.001242
0.001760
0.004038
0.000000
0.001139
0.000932
0.000000
0.000000
0.000414
0.000621
0.000414
0.000000
0.000932
0.000104
0.000000
0.000000
0.000000
0.000932
0.000932
0.000828
0.000000
0.000828
0.000000
0.000000
0.000000
0.000311
0.000000
0.000621
0.000104
0.000414
0.000000
0.000000
