222.823769
225.828270
225.834783
226.556338
226.774318
227.463885
228.330537
228.741021
229.398217
229.587082
230.087114
230.954532
231.045900
231.355439
231.244821
232.172863
232.452329
233.017200
233.625647
234.341839
234.470271
234.408689
234.957086
235.180046
235.990096
235.897962
236.578623
237.185729
237.951628
237.702904
238.115304
238.388353
238.552317
239.718835
240.626957
241.103524
240.892536
241.461524
241.929185
242.039324
243.126925
243.897133
244.140014
244.535270
245.098512
245.593947
246.470751
246.759699
247.143079
248.065663
249.238693
249.328911
250.147198
250.709578
251.320420
252.467208
253.173153
253.661404
253.788783
254.625170
256.225828
256.603462
257.015383
258.333797
258.999229
259.617637
260.824762
262.374277
263.053405
263.702748
265.297755
265.691000
266.870734
267.890527
269.631110
270.580893
272.042679
273.434169
275.170250
275.849569
277.313271
278.554013
280.557589
282.140433
284.339099
285.994922
288.513758
290.244380
292.243646
294.293863
296.698058
298.695217
300.988411
303.423062
305.688003
309.215905
312.140915
314.756769
318.220407
321.382552
325.344594
328.347947
332.384022
336.246747
341.025639
346.033046
350.959812
356.527301
362.861071
368.692032
375.450652
382.943279
391.526570
400.111394
410.299079
421.135819
432.494331
446.539186
461.143357
477.399424
495.268983
514.789959
534.367825
553.714590
568.723690
579.738568
583.529751
575.403968
556.311960
527.285779
488.236834
442.834965
395.156279
349.396889
308.308741
272.735695
243.244918
219.616802
200.367152
183.081522
167.062206
152.912958
137.662797
122.570183
107.553421
92.500361
76.766449
62.732416
49.976381
39.483946
30.995278
23.822056
18.509228
14.360236
10.892384
8.543450
6.665146
5.563658
4.417157
3.800664
3.271326
2.952688
2.772252
2.515292
2.361959
2.235155
2.109884
1.900428
1.789906
1.705146
1.610810
1.497510
1.403365
1.316690
1.257311
1.165081
1.080992
0.971715
0.972098
0.878815
0.851041
0.795301
0.697708
0.672136
0.595901
0.496680
0.485953
0.378113
0.346795
0.301494
0.220470
0.221715
0.153141
0.124314
0.113683
0.107936
0.084664
0.057272
0.054112
0.040895
0.016377
0.013408
0.014558
0.013504
0.010439
0.006225
0.007087
0.004501
0.005076
0.004789
0.005746
0.006034
0.006417
0.006608
0.007758
0.011110
0.004693
0.002873
0.005363
0.002777
0.004022
0.004597
0.006321
0.005746
0.003352
0.007566
0.004980
0.005459
0.005076
0.004693
0.007662
0.003448
0.006225
0.006225
0.005459
0.006991
0.006321
0.001628
0.002107
0.001341
0.001054
0.000766
0.001724
0.001245
0.000670
0.001437
0.001245
0.000766
0.000383
0.001820
0.000479
0.001532
0.001724
0.001054
0.001628
0.001437
0.001437
0.002394
0.001724
0.003161
0.003256
0.001532
0.000000
0.001532
0.001149
0.000096
0.001149
0.001245
0.001724
0.000958
0.001245
0.002011
0.000287
0.001820
0.001532
0.002586
0.002586
0.001532
0.000383
0.000670
0.000383
0.000383
0.000000
0.000000
0.000096
0.000862
0.000958
0.024135
