221.091830
223.775097
224.127492
224.835350
225.434624
226.607007
226.668918
226.676873
226.936114
227.842260
228.458018
228.651611
229.502171
229.951938
230.150226
230.793777
231.070556
230.551786
231.957823
231.759822
232.102729
233.307410
233.600866
233.347470
234.434271
234.660448
235.013323
235.532284
235.344826
235.907969
236.747220
237.254873
237.466962
237.626532
238.432815
238.757130
239.235361
239.842876
240.165850
240.762344
240.841410
241.206744
241.591341
242.190902
242.801580
242.825923
243.952592
244.504714
245.220910
245.634929
246.172291
247.311323
247.514308
247.815047
248.832940
248.722535
249.827257
250.523710
250.977310
252.448324
252.815479
253.293422
253.818230
255.504783
255.875196
256.847662
257.363749
258.700494
259.482051
259.994783
260.775191
262.635210
262.589687
263.808169
264.485550
266.268900
267.047294
268.610025
270.028329
271.125767
272.615182
273.806638
275.503446
277.059276
278.522144
279.923197
281.743923
283.234201
285.002120
286.653022
288.749378
290.882439
293.182354
294.648768
297.445411
299.938823
302.046200
305.203863
307.685582
310.535798
313.249828
317.186941
319.700382
324.215300
327.549976
331.938963
335.327883
340.653781
345.352132
351.002249
356.455611
362.378098
369.689276
376.219662
384.292846
392.187771
401.257380
411.266774
421.280673
432.149540
443.395050
455.689025
469.487558
480.430508
492.573635
501.860795
508.300520
511.338961
509.669562
504.496239
495.158572
480.961162
464.507252
447.607792
427.600791
406.813096
384.307317
359.704799
331.742208
303.747033
275.047162
245.763926
217.187207
190.609664
165.769181
142.439772
122.163563
105.033134
90.516680
78.362437
68.811626
61.527092
55.386669
50.769971
46.995113
43.071514
40.092971
37.040442
34.498824
31.842296
29.691984
27.593999
25.694973
24.022124
22.390199
20.665406
19.300293
18.011562
16.788959
15.617438
14.672765
13.912771
13.149328
12.378408
11.451465
10.977931
10.259531
9.734819
9.094623
8.635080
8.272526
7.887833
7.274759
6.954469
6.471830
5.954881
5.415218
5.101925
4.645257
4.342218
3.713810
3.165330
2.790988
2.336046
2.078434
1.735526
1.303681
1.108268
0.840402
0.677190
0.493373
0.362554
0.247453
0.149411
0.087500
0.059707
0.044852
0.029326
0.005846
0.004025
0.001629
0.002492
0.001917
0.001629
0.002779
0.001629
0.001917
0.002013
0.003163
0.001629
0.004025
0.002300
0.003067
0.006613
0.006134
0.002875
0.002492
0.004121
0.000000
0.000000
0.000000
0.000000
0.000000
0.000000
0.000000
0.000000
0.000000
0.000000
0.000000
0.000000
0.000000
0.000000
0.000000
0.000000
0.000000
0.000000
0.000000
0.000000
0.000000
0.000000
0.000000
0.000000
0.000000
0.000000
0.000000
0.000000
0.000000
0.000000
0.000000
0.000000
0.000000
0.000000
0.000000
0.000000
0.000000
0.000000
0.000000
0.000000
0.000000
0.000000
0.000000
0.000000
0.000000
0.000000
0.000000
0.000000
0.000000
0.000000
0.000000
0.000000
0.000000
0.000000
0.000000
0.000000
0.000000
0.000000
0.000000
0.000000
