218.822935
222.154766
222.655169
223.470334
223.674813
224.424536
224.982008
225.423028
226.043077
226.659492
226.343628
227.260041
227.511013
228.674323
228.293017
229.100580
229.764698
229.996942
230.624814
230.635831
230.757131
231.927932
232.346587
232.807658
232.787937
233.222567
234.026164
233.925797
234.390834
234.711105
235.743970
235.266924
235.489142
236.081649
235.840481
237.063064
237.389284
237.343342
237.589577
238.044699
238.417302
238.842457
239.484871
240.328791
240.521813
241.124125
241.682589
242.960367
242.886111
243.192170
243.550781
244.069472
245.031717
245.476262
245.697048
246.753931
247.041260
248.358921
248.513713
249.213748
249.102694
250.130492
250.841324
251.521528
251.906029
252.483332
253.315243
253.708338
255.087255
255.536978
256.558386
257.781078
258.079755
258.880598
259.934396
260.369907
261.806444
262.913125
263.544302
264.269566
265.553294
266.445580
267.618474
268.938890
270.452657
271.659044
272.948942
274.485295
275.793260
276.906221
278.534898
280.547196
281.935367
283.832534
285.495255
286.945563
289.761127
291.924911
293.531334
295.955676
298.628677
300.465910
302.226684
305.696010
308.426191
311.262577
314.110531
317.224662
320.906951
323.975140
327.614903
332.341626
336.509004
341.327501
345.916398
351.477346
357.374980
364.245656
370.056144
378.614220
385.919195
395.849907
405.051610
415.823928
427.240645
438.034888
448.972465
458.601085
466.966028
473.881655
478.640328
480.724237
482.570945
483.201792
482.540868
480.853579
480.869554
479.342676
477.633242
475.481908
468.660589
460.342799
447.894429
427.274908
403.872325
374.305931
342.165361
305.941695
269.010722
231.794072
195.871838
162.127489
132.265172
104.027016
79.784258
59.087287
42.165810
29.120637
18.689632
11.910950
7.151395
4.111080
2.355815
1.368340
0.803156
0.499411
0.378662
0.278295
0.255379
0.192251
0.192251
0.173742
0.155123
0.126147
0.129232
0.098164
0.121300
0.100147
0.086485
0.084282
0.068417
0.056518
0.049027
0.051230
0.052773
0.040764
0.046493
0.039772
0.034704
0.030958
0.026882
0.038450
0.025560
0.026882
0.019390
0.020602
0.026221
0.021704
0.014653
0.017848
0.015204
0.016746
0.010687
0.015314
0.013992
0.013992
0.011788
0.012560
0.008814
0.008043
0.009695
0.009144
0.010577
0.009475
0.014322
0.009916
0.014873
0.006170
0.009475
0.008373
0.016195
0.006500
0.007161
0.003415
0.003085
0.002534
0.003195
0.003746
0.001983
0.004187
0.005068
0.004297
0.006721
0.005398
0.001212
0.003195
0.003966
0.002314
0.004297
0.003085
0.004517
0.003195
0.003195
0.002424
0.006831
0.001983
0.002314
0.001763
0.002975
0.004187
0.002534
0.000881
0.001983
0.001873
0.001542
0.002864
0.002754
0.001102
0.000000
0.000661
0.000220
0.000110
0.000661
0.001653
0.000000
0.000000
0.001873
0.000220
0.000000
0.000000
0.002644
0.000000
0.000881
0.000000
0.000000
0.000000
0.000771
0.000000
0.000771
0.000441
0.000000
0.000000
0.000000
0.000110
0.000551
0.000331
0.000992
0.000220
