214.406938
217.068602
217.901187
218.870676
218.636907
219.149079
219.449894
219.940593
220.447420
220.767833
221.386153
221.976623
222.304443
223.021972
223.587312
223.751316
223.730593
224.235732
224.636506
225.137519
225.322528
225.753026
226.255634
226.702355
227.258318
227.254942
227.286636
228.150447
229.151630
229.128188
229.445037
230.054074
229.927953
230.052855
230.724624
231.925631
232.428614
232.849829
232.611653
233.680163
233.472650
233.877174
234.408382
234.943528
235.420630
235.597856
236.266624
236.911388
236.952177
236.766700
238.069261
238.166969
239.228916
239.375197
239.587305
240.574892
240.671662
241.421730
241.602612
241.979099
243.175230
243.613887
244.359359
244.869375
245.365888
245.633695
246.786505
246.781254
247.672257
248.196057
249.075058
249.305451
250.283192
250.717160
251.950612
252.503574
253.384732
254.327778
254.722831
255.477587
256.943682
257.431006
258.556622
259.733906
260.727775
261.761965
262.522066
263.594983
264.845126
266.015846
267.364917
268.684918
269.929717
271.761328
272.713470
274.719118
275.659445
278.054334
279.028042
280.760633
282.737213
284.250943
286.417033
288.558554
290.906745
292.685658
295.446437
297.996047
300.511336
304.006898
306.865854
310.845083
314.105282
318.273457
321.982345
326.105792
330.146346
334.428733
338.534926
342.247847
346.240578
349.873138
352.968489
356.811469
360.082077
363.399757
366.580157
369.951849
372.931113
376.284332
379.431538
381.816861
382.932351
384.018115
384.027679
382.506165
381.086767
376.524946
373.250681
369.449147
362.829541
358.885007
352.569872
348.744990
342.041927
336.977685
331.583935
325.107891
319.366722
313.350807
308.658458
303.415208
299.701068
297.414859
294.796235
292.140854
289.832984
285.799369
281.188693
275.054347
267.217135
258.055890
247.677133
237.622165
226.256666
213.607547
201.228768
187.330070
173.982271
160.387012
147.656408
135.509991
124.078665
113.951775
103.477561
94.874622
86.895443
79.128746
72.583124
66.083450
60.130173
54.830381
50.062265
45.646349
41.416380
37.505979
33.660185
30.103861
26.709289
23.863460
21.294253
19.173361
17.062502
15.344727
13.894667
12.340427
11.218280
10.292957
8.997992
8.088891
7.175945
6.264687
5.254970
4.532941
3.632748
2.950289
2.339001
1.742717
1.265615
0.875813
0.594221
0.370017
0.245490
0.140093
0.068640
0.031694
0.010502
0.008158
0.004689
0.001219
0.000375
0.000656
0.002063
0.000281
0.001594
0.001688
0.000094
0.003751
0.000656
0.002907
0.001313
0.002157
0.001407
0.000750
0.000094
0.000281
0.000750
0.000469
0.000563
0.000844
0.000844
0.000094
0.001969
0.001219
0.000000
0.000750
0.000000
0.000000
0.000281
0.000000
0.000188
0.000094
0.000000
0.000000
0.000000
0.000000
0.000000
0.000000
0.000000
0.000000
0.000000
0.000000
0.000000
0.000000
0.000000
0.000000
0.000000
0.000000
0.000000
0.000000
0.000000
0.000000
0.000000
0.000000
0.000000
0.000000
0.000000
0.000000
0.000000
0.000000
0.000000
0.000000
0.000000
0.000000
0.000000
0.000000
0.000000
0.000000
