221.676598
224.005530
223.880371
225.026473
225.141013
225.763501
226.373629
226.831617
227.246783
228.243181
228.153533
228.288266
228.576358
229.747003
229.957981
230.075132
230.332761
231.295737
231.159960
231.565029
232.280646
232.816967
233.012104
233.428314
233.557651
234.591475
234.596871
235.448091
235.626517
235.669687
236.141775
236.317067
237.167069
237.241399
237.724801
238.043704
237.581713
238.735125
239.604101
239.793319
240.405710
240.841591
241.685326
242.162288
242.227392
242.648650
243.527896
244.588179
245.120497
245.351493
245.720703
246.356072
246.486975
247.544299
247.671547
248.209435
249.113922
249.003733
249.958875
250.593548
251.631376
252.047934
252.690266
253.306313
254.506725
254.778106
255.689730
256.374884
257.122008
258.960227
259.465040
259.982388
261.635740
262.582701
263.794776
263.793383
265.022344
266.984851
267.448583
269.043794
270.209392
271.561074
272.943393
273.965206
275.271803
278.202682
278.748752
280.141341
281.572401
283.572334
284.941076
287.617459
289.013530
291.045666
293.512465
295.425709
298.027066
300.351124
302.348968
304.986881
307.336180
310.713906
313.435375
316.923986
320.232431
323.875271
327.269882
331.504747
335.522020
339.902063
344.336417
350.303663
355.804566
361.610099
367.934719
375.279585
383.440508
391.359121
401.052067
409.979611
421.087254
432.285938
442.978764
455.030409
466.982483
477.870097
488.587467
495.927459
500.641201
502.871782
502.744186
499.200567
494.291689
487.145963
478.356111
467.509056
456.190436
442.017529
427.488467
408.230693
387.053408
363.009303
333.754998
302.910008
271.415723
237.895916
205.213229
174.188943
144.970149
118.502590
95.673520
76.120691
59.494737
45.001535
33.855247
24.908207
17.908355
12.543925
8.650941
6.147587
4.241132
3.085456
2.258432
1.789826
1.582156
1.374660
1.254027
1.129216
1.038698
0.916150
0.880465
0.822150
0.771669
0.716487
0.692291
0.623532
0.558603
0.532317
0.509514
0.438840
0.417603
0.437273
0.421607
0.389403
0.349018
0.325170
0.305848
0.321166
0.256933
0.235348
0.205059
0.172333
0.171637
0.125855
0.114715
0.093652
0.084078
0.051874
0.045607
0.039689
0.035859
0.018278
0.016711
0.011837
0.010618
0.008878
0.008007
0.010967
0.008878
0.006963
0.004004
0.004004
0.003830
0.004178
0.004352
0.004004
0.003656
0.005570
0.005048
0.004874
0.004352
0.006093
0.005919
0.005919
0.005396
0.006963
0.008530
0.004700
0.004700
0.006441
0.007137
0.005396
0.003830
0.007311
0.004178
0.007833
0.006789
0.005222
0.005570
0.007311
0.001741
0.002959
0.003133
0.002437
0.004004
0.003656
0.008007
0.001393
0.001044
0.001915
0.001044
0.001219
0.001741
0.000870
0.001044
0.001915
0.001044
0.001044
0.000696
0.000696
0.000870
0.001915
0.001741
0.000696
0.003133
0.000348
0.001219
0.001741
0.001915
0.001393
0.001915
0.002959
0.001567
0.000000
0.000000
0.000000
0.000000
0.000348
0.000174
0.000000
0.001219
0.000000
0.000870
0.001393
0.000000
0.000870
0.000870
0.000870
