215.864660
217.728998
218.964047
219.325292
219.150143
220.060572
220.614257
221.059701
221.627709
222.487291
222.976011
222.703159
223.192185
224.212594
224.807611
224.806077
225.224716
226.573940
225.826895
226.529641
226.274078
227.127931
227.874055
228.420988
228.611790
229.364257
229.562937
230.063525
230.283689
230.766578
230.882185
231.328857
232.156724
232.362872
232.752559
232.685650
233.204244
233.412541
234.055028
234.137283
234.796753
235.062444
235.049042
235.458576
235.892153
236.373916
237.140092
237.450900
237.801404
238.022182
238.786312
238.950106
239.559138
239.852657
240.105969
240.810352
241.510438
242.349866
242.420355
242.874188
242.741292
243.493861
243.903191
244.625478
245.096601
245.738065
245.778681
246.487361
247.297324
247.599232
248.952547
248.950296
249.762818
250.804302
251.365762
252.620454
253.078482
253.746545
254.921745
255.048401
256.156384
257.511950
258.377467
258.908235
259.882708
260.941175
261.427542
262.255102
263.319196
264.469637
265.590102
266.817171
267.982037
269.017894
270.240870
272.026432
273.056151
274.484969
275.993689
277.899768
278.644767
280.764054
282.226838
283.774843
286.007487
286.907480
289.627616
291.584542
293.421155
295.637634
298.148961
301.163331
303.948329
306.412492
309.510549
312.104336
315.813165
318.872038
322.319064
325.588997
330.585460
334.522434
339.355923
344.157594
350.219072
355.621796
361.395485
367.698817
373.839174
380.408503
387.326392
394.707323
402.265141
410.098677
417.528919
426.489570
434.637188
442.944302
450.861934
457.067153
463.763037
467.853777
470.633865
472.559587
471.788909
470.637855
466.223722
460.152934
451.581765
441.040780
425.648710
408.029111
386.595819
362.971011
337.274387
308.623958
281.594377
253.838315
229.430962
209.512425
189.921987
174.671816
160.817622
150.127372
138.518916
128.042487
118.375510
108.461563
99.543472
90.175231
81.301643
72.664487
63.946815
55.353139
47.247774
39.183332
31.378647
24.804611
19.224589
14.651062
11.209151
8.294326
6.047053
4.478382
3.188496
2.349375
1.531636
1.083430
0.714716
0.481661
0.354084
0.244207
0.152335
0.110901
0.099954
0.074275
0.071819
0.047880
0.046243
0.038263
0.030794
0.027725
0.022303
0.023224
0.014834
0.021280
0.017904
0.025372
0.021484
0.023224
0.019234
0.019234
0.016983
0.017801
0.016676
0.011254
0.017494
0.016676
0.011970
0.013402
0.012481
0.011868
0.018927
0.019848
0.016881
0.012072
0.011458
0.008901
0.011254
0.010128
0.012072
0.006445
0.012175
0.012686
0.009412
0.008696
0.012277
0.020461
0.012379
0.009924
0.013709
0.010947
0.010333
0.012072
0.010947
0.007980
0.011868
0.008594
0.008491
0.009310
0.011970
0.007264
0.010947
0.009208
0.005013
0.005831
0.002865
0.004297
0.007980
0.006957
0.003888
0.003172
0.004502
0.003581
0.004808
0.001432
0.001944
0.002762
0.002251
0.004092
0.000512
0.005422
0.002660
0.003274
0.005729
0.002455
0.002558
0.000921
0.001228
0.000000
0.000000
0.000921
0.000102
0.000818
0.001432
0.000307
0.000000
0.000818
