214.356208
217.100862
217.841328
218.460716
218.901832
219.898856
220.015574
220.489748
221.725887
221.701043
221.481499
222.081822
223.148106
223.096287
223.431535
223.499376
224.222198
224.747684
224.966923
225.597973
225.473446
226.066164
227.344893
227.112471
228.025328
228.389781
228.402355
228.910602
229.130450
229.484965
229.867874
230.509977
230.584510
231.199436
232.181857
231.808987
232.895451
233.021803
233.326223
233.342854
233.291238
233.989926
234.188580
235.009968
234.860192
235.678031
235.695473
236.159304
236.466564
237.301642
237.977006
238.154162
238.465884
238.745460
239.392126
240.221830
240.067895
240.507592
240.918083
241.286491
242.072184
242.384921
243.548655
244.246836
244.078299
244.880724
245.390188
246.779348
246.858648
246.910872
247.817441
248.697240
248.207347
248.947104
250.048170
250.534716
251.425466
251.559423
252.977687
252.916742
254.071756
254.648046
255.810362
255.867149
257.224367
257.738901
258.413656
259.274795
259.991026
260.942619
261.964183
263.455561
264.331607
264.864496
266.031070
267.100193
268.519471
269.277988
271.273150
272.112792
273.729913
275.070804
276.731935
278.356459
279.550109
281.197956
283.240576
284.174424
286.407079
288.150654
290.278962
292.421772
294.451818
296.696642
299.174700
302.074100
304.380274
306.794041
310.128776
312.828710
315.658748
319.431659
323.040697
326.515677
330.570091
334.949511
339.574739
344.207065
349.090473
354.546013
360.748712
366.694144
373.341509
381.000600
388.987436
397.062191
406.943392
416.357923
426.815008
436.789199
447.197812
457.585739
467.858671
477.081544
485.236309
490.867788
496.265628
498.966982
498.844787
496.396847
489.519088
479.148502
466.208999
449.294786
428.729857
406.557745
383.000833
357.547224
332.703369
308.464197
283.462250
258.943401
234.253175
208.827858
185.136583
162.239621
140.694604
121.534655
104.294118
89.578286
76.905581
66.058894
56.139564
47.223647
39.165218
32.217084
26.089729
21.146391
16.871926
13.239868
10.590434
8.730345
7.133302
6.172379
5.306169
4.743163
4.182489
3.820774
3.364143
3.007194
2.737860
2.529166
2.136725
2.082879
1.862929
1.647441
1.506791
1.366648
1.232285
1.086666
1.018927
0.898761
0.771395
0.759835
0.684186
0.629325
0.553778
0.475391
0.410694
0.373782
0.366380
0.319834
0.305840
0.269334
0.215082
0.196829
0.190542
0.171883
0.166914
0.148965
0.126960
0.103028
0.109214
0.094510
0.100291
0.097147
0.091063
0.072809
0.070173
0.065914
0.050703
0.067435
0.042793
0.037926
0.033261
0.034072
0.026873
0.034884
0.022107
0.027887
0.021701
0.012879
0.022715
0.020484
0.018050
0.011560
0.023019
0.007200
0.011459
0.008924
0.008518
0.008924
0.007403
0.009735
0.008417
0.007504
0.001622
0.005273
0.003448
0.002535
0.004056
0.004056
0.003549
0.002231
0.004056
0.001622
0.001115
0.002332
0.001014
0.003651
0.002941
0.003346
0.000710
0.005780
0.003042
0.000913
0.000811
0.004867
0.000710
0.001927
0.002130
0.003651
0.004563
0.000000
0.000000
0.003144
0.001420
0.001825
