218.977552
221.685019
222.645789
223.025350
223.187712
224.336933
224.581550
225.217085
225.435614
225.308548
225.793076
226.638648
227.001226
227.367692
227.665918
229.025790
228.942307
230.267702
230.472726
231.534576
231.061097
231.404543
231.913114
231.812443
232.480512
232.472225
233.070315
233.500313
234.599710
234.067916
234.718694
235.320774
235.885614
236.061583
236.164811
236.592354
237.063481
237.610519
238.231117
238.180168
239.128559
239.351282
240.175165
240.634526
240.526285
241.294717
241.830399
242.391147
242.764160
243.129193
243.664876
244.203934
244.353303
245.000910
245.965261
246.194328
247.318074
247.573433
248.332555
249.170250
249.435635
250.051732
251.384901
251.434520
252.304851
253.132723
254.124186
254.592141
255.642328
255.571019
256.785512
257.881124
258.011771
259.819647
260.330571
261.047952
261.470687
262.986987
263.935685
265.220156
266.523350
267.509902
268.388621
269.781027
270.994804
272.382913
273.590244
275.218571
276.952684
278.672781
280.307963
282.093639
282.937676
285.265889
286.650315
289.180176
290.818529
293.136511
295.310751
297.997859
300.418047
303.097379
305.560127
308.880518
311.909743
315.311878
318.053311
322.196358
325.317352
329.928047
333.545846
338.932953
344.071145
349.294457
355.734922
362.563747
369.309804
377.534104
386.478137
395.527240
405.383038
415.289683
424.569899
434.823060
444.493067
453.962245
461.536176
467.408322
472.195190
473.899020
472.731180
467.448631
459.411043
446.286109
432.402463
415.225946
396.689556
377.058783
357.892895
338.875660
322.671781
307.563922
293.566715
282.555046
272.428439
263.535049
254.846887
247.367795
238.694672
228.469646
217.378689
204.626462
190.322843
175.085054
159.581265
143.918285
128.946598
113.916902
101.415943
91.110298
81.558251
73.968361
68.378583
63.034036
58.527798
54.661596
50.909057
47.374638
43.983552
40.508266
37.338267
34.100949
31.185388
28.659312
25.824779
23.395282
21.049165
18.573322
16.214622
13.838938
11.641474
9.831654
8.002190
6.535202
5.285720
4.084936
3.144423
2.315118
1.738512
1.196794
0.845674
0.550312
0.361555
0.273980
0.220370
0.163794
0.147221
0.120928
0.105581
0.097908
0.096885
0.085631
0.073968
0.081028
0.095044
0.072331
0.065170
0.069774
0.054121
0.053814
0.059748
0.050745
0.056065
0.043481
0.036728
0.037240
0.039695
0.026600
0.036524
0.027623
0.028237
0.027930
0.040105
0.019643
0.033659
0.028339
0.014937
0.027009
0.020359
0.019643
0.013709
0.020666
0.010947
0.011970
0.014528
0.010333
0.012993
0.008389
0.009719
0.007264
0.007878
0.005422
0.012072
0.009719
0.010026
0.008696
0.009003
0.006343
0.011356
0.006752
0.014323
0.009719
0.007162
0.007673
0.004706
0.006752
0.007059
0.007673
0.008492
0.006548
0.006343
0.005320
0.006036
0.004502
0.003274
0.004092
0.005525
0.005627
0.007366
0.009208
0.003069
0.007468
0.006650
0.006036
0.010128
0.007980
0.005525
0.003478
0.002660
0.000000
0.000000
0.000000
0.000000
0.000000
0.000000
0.000000
0.000000
0.000000
