222.542878
225.284016
225.400323
226.006332
226.899346
227.247994
227.965234
228.240998
228.441973
228.806758
229.510671
229.944623
229.739568
230.154483
230.468592
230.828934
231.718141
232.366847
232.624027
233.540339
233.755547
234.547937
234.803032
235.965918
235.619989
236.389082
236.892020
237.212112
237.301949
238.065421
238.246090
239.273270
239.377701
239.822803
240.334081
240.737483
241.341044
241.629137
242.027190
242.142862
242.511454
243.164330
244.070489
244.970664
245.368446
245.976087
246.906540
247.644267
247.941062
249.024718
249.750297
250.220872
250.867585
251.886424
252.169440
253.078499
253.936068
255.114636
256.014087
257.111793
257.589167
258.018314
259.186276
259.812229
261.272816
261.825068
263.267162
264.341571
264.940600
266.370456
267.121418
268.662776
270.030264
271.755192
272.794247
274.207060
275.392517
277.033049
278.679745
280.554068
282.284254
284.310873
285.881965
287.431662
289.316592
291.706091
294.059239
296.647629
298.924085
301.789145
304.712857
306.856598
310.646763
313.389080
316.974281
320.949013
324.637467
328.536686
333.462269
338.296021
343.074929
348.603801
354.333559
360.833588
367.975433
375.154084
382.909463
392.562916
401.265973
410.538959
421.557633
430.336021
438.568503
444.396890
449.373056
450.311034
448.016810
444.195642
436.993150
428.327714
420.894513
412.188918
404.421663
397.218628
389.331803
380.333583
369.322342
356.410580
342.201224
326.077476
308.400675
291.515903
274.481645
258.601933
244.527194
231.223996
218.127938
205.798163
192.486443
179.416946
166.277103
153.879248
143.189913
133.001975
124.635238
117.276915
110.628851
103.791415
98.913606
94.070608
89.875137
85.621558
81.821240
77.904253
73.725553
70.396626
66.981217
63.075561
60.272054
56.780678
53.916071
50.933526
48.351935
46.164409
43.389185
41.036944
38.627955
36.647387
34.658298
32.775545
31.048350
29.349710
27.693768
26.342236
24.807768
23.561392
21.876078
20.963846
19.807397
18.671979
17.468391
16.366605
15.080161
14.054160
13.041939
12.037966
10.735477
9.790519
8.553118
7.524670
6.396957
5.471399
4.606034
3.644396
3.000313
2.371369
1.954188
1.440915
1.075859
0.772991
0.580899
0.403493
0.274676
0.157372
0.090924
0.072068
0.039434
0.031819
0.011150
0.010334
0.011966
0.003898
0.005892
0.005530
0.005258
0.007252
0.001178
0.004533
0.009337
0.005892
0.002448
0.005077
0.010697
0.001178
0.007615
0.006527
0.002992
0.002448
0.001088
0.005802
0.011785
0.001722
0.007887
0.003082
0.010606
0.007977
0.002810
0.003445
0.002810
0.005530
0.003989
0.005983
0.001088
0.001360
0.001269
0.003082
0.000000
0.000000
0.000000
0.000000
0.000000
0.000000
0.000000
0.000000
0.000000
0.000000
0.000000
0.000000
0.000000
0.000000
0.000000
0.000000
0.000000
0.000000
0.000000
0.000000
0.000000
0.000000
0.000000
0.000000
0.000000
0.000000
0.000000
0.000000
0.000000
0.000000
0.000000
0.000000
0.000000
0.000000
0.000000
0.000000
0.000000
0.000000
0.000000
0.000000
0.000000
0.000000
