216.599236
218.808573
219.151147
219.726536
220.087034
221.035833
221.728979
222.288565
222.375196
222.872049
223.367745
223.705790
224.724357
225.049200
225.760366
225.766148
226.375843
227.571142
227.651991
227.567576
228.360074
227.893287
228.605416
229.061893
229.009181
229.695871
229.995370
230.599380
230.649489
231.238947
231.912532
232.144865
232.693658
232.700500
232.728156
233.949666
234.222087
234.959175
234.743994
234.992903
235.816622
236.004146
235.892942
236.406851
237.297254
237.480539
237.697454
238.626692
238.606648
239.262887
239.794430
240.896160
240.709888
241.730190
241.745126
242.675713
243.211690
244.076942
244.407085
244.824341
245.174142
245.903714
246.854923
247.783582
247.696180
248.514888
248.798584
248.964619
250.051219
251.328813
251.687865
252.650445
253.917631
253.425693
254.726414
256.021642
256.595297
257.192079
258.070533
259.305726
259.785137
261.030160
261.626364
262.724335
264.105231
264.838657
265.961586
267.146767
268.582301
269.644039
270.786530
272.549702
273.840209
274.606206
276.452540
277.714040
279.192649
280.732835
283.060410
285.010432
286.362707
288.988336
290.432543
293.008738
295.110629
297.755338
300.467888
302.302176
306.001878
308.792675
312.424441
315.887569
319.355516
322.849770
327.312771
331.840722
337.122817
341.950556
347.351757
353.030968
358.632605
364.760005
370.528256
376.856961
382.735549
388.535214
394.255669
399.920715
404.626746
409.230342
413.017253
416.793276
418.857007
421.547200
423.002103
423.429188
421.651851
418.295397
413.842996
408.446806
399.964560
391.720044
382.173939
372.577822
363.557576
354.106775
342.716746
330.743136
318.897016
306.949811
294.516063
283.442879
273.978587
264.486446
255.986758
247.065092
237.194145
227.219799
217.674947
206.881893
196.964016
186.821900
176.994991
167.129536
157.340498
147.237795
135.666891
123.729611
111.926565
100.175653
88.938457
78.416860
68.173273
58.580143
49.982549
42.200001
35.276442
29.440736
24.334506
20.219379
16.761743
14.256568
11.903264
10.226627
8.534861
7.267867
6.148407
5.172240
4.376370
3.747595
3.222315
2.767092
2.492454
2.178308
1.923618
1.652064
1.536042
1.292626
1.134782
1.023096
0.893487
0.833163
0.702301
0.635520
0.506200
0.437878
0.300752
0.241392
0.143679
0.107542
0.059842
0.055217
0.037196
0.025729
0.009444
0.006360
0.003855
0.003276
0.003084
0.004625
0.003662
0.004818
0.003084
0.005782
0.005300
0.004625
0.003758
0.004047
0.002795
0.002409
0.002698
0.002795
0.003276
0.002698
0.003758
0.004529
0.002024
0.003084
0.002698
0.000964
0.003565
0.004047
0.003180
0.000000
0.003373
0.002505
0.002313
0.001831
0.005300
0.000771
0.000675
0.000578
0.001349
0.000771
0.002024
0.001445
0.000771
0.000867
0.001253
0.001060
0.001831
0.001831
0.002795
0.001927
0.000385
0.001156
0.000000
0.000000
0.000385
0.000000
0.000000
0.000867
0.000385
0.001060
0.000675
0.000385
0.000000
0.000000
0.000096
0.000000
0.000578
0.000000
0.000193
0.000385
0.000482
0.000193
0.000578
0.000000
