204.073259
207.170678
207.346081
207.916353
208.988333
209.240373
209.785194
209.865726
210.089371
210.463633
210.849101
211.290694
211.626495
211.934755
213.094578
213.229050
213.861811
213.877385
214.618407
214.549271
215.247273
215.820489
216.490381
216.682688
217.089049
217.363121
218.124181
218.335481
218.581823
218.928450
219.574600
219.792928
220.013344
220.710112
221.388171
221.012579
221.763952
222.395953
222.665182
222.710006
223.127952
223.724340
224.227472
224.433169
225.212557
224.993280
225.232784
225.635251
226.441705
226.608276
227.929826
227.384150
227.697254
227.985666
228.999526
229.647765
229.297055
229.759446
230.324115
230.771501
230.754027
231.847564
231.949177
232.332081
232.787634
232.747179
233.293330
234.361510
234.071578
234.735012
235.071573
235.120385
236.109649
236.911164
236.696635
236.982484
237.443165
238.754079
238.694725
239.120934
239.571264
239.676486
240.796518
240.696614
241.057390
242.029180
242.632121
243.498213
244.144553
244.349965
245.379020
245.988608
246.184523
246.858784
247.185753
248.032282
248.824680
249.503974
251.005295
250.927518
252.087056
252.639949
252.869388
253.752289
255.027211
255.646581
256.475351
257.342298
258.419880
259.596512
260.424333
261.761078
263.036189
263.750621
265.399804
266.475202
268.011756
268.558192
269.827131
271.057514
272.826450
274.573259
275.656539
277.693565
279.150348
280.092983
282.430387
284.168554
286.024005
288.021335
289.874981
292.724728
295.351590
298.051670
300.724305
303.926662
306.874320
310.393009
314.545029
318.019179
322.438433
326.488079
331.247123
335.088413
339.538436
343.946200
348.905717
353.042922
356.783168
360.991217
365.876661
368.836189
372.802075
376.405189
380.290923
384.036392
387.091171
389.472830
390.961141
391.696370
390.281563
387.876257
382.351786
375.775278
366.111133
355.087830
342.489607
329.603162
316.919755
304.460088
292.793484
283.425348
274.692537
267.483839
260.540761
254.209361
249.333604
244.703335
240.577621
235.846972
231.759910
227.631727
224.370586
220.879626
217.133683
212.825064
209.654236
205.388257
202.336991
198.204155
193.687940
189.826897
186.197952
181.355433
177.667039
174.220619
169.248661
164.314974
160.243676
155.498972
151.261578
146.566447
142.465329
137.069537
132.683615
127.580319
123.230770
118.231747
113.573082
108.855539
104.893737
100.951213
97.156457
93.458376
89.580904
86.386334
83.623956
79.904508
76.863593
73.439870
70.443210
67.328982
64.432036
61.301474
58.728363
55.852311
52.895821
50.143130
47.543523
44.412771
41.738996
38.445662
35.501898
32.650441
29.109150
26.005368
22.556764
19.426201
16.252239
13.544846
11.270120
9.105554
7.162450
5.702438
4.588009
3.490769
2.693908
2.094386
1.601796
1.212434
0.859540
0.678249
0.466094
0.324215
0.229249
0.162392
0.111395
0.096961
0.061253
0.044919
0.029819
0.021652
0.027065
0.017664
0.022412
0.010826
0.014910
0.019088
0.020703
0.010446
0.019563
0.011111
0.014150
0.020418
0.015764
0.018898
0.012631
0.015479
0.012156
0.013200
0.007312
0.009782
0.010826
0.005603
0.002279
0.007312
0.004748
0.001804
