219.099257
222.204268
223.109273
223.573204
224.189400
224.490320
224.966166
225.451681
225.187387
226.001365
227.007263
227.577067
227.480765
228.286050
228.784164
228.596053
229.109404
229.270461
229.902480
230.503441
230.935921
231.188006
231.624394
231.943480
232.804534
232.609977
233.411843
233.812776
234.157550
234.154229
234.681058
235.430574
235.517598
236.043548
236.455811
236.084276
237.232283
237.459365
237.226716
237.849750
238.212592
238.769406
238.883191
239.872681
239.517457
239.921711
240.957398
241.244839
241.935363
241.891998
242.210791
242.930127
243.758266
244.482681
244.667667
245.222821
246.022538
246.231942
247.268801
247.494711
248.582749
248.480196
249.216038
250.189412
251.065215
251.876165
251.829674
253.016261
253.621714
254.686507
255.499117
256.891200
256.600145
257.530350
258.660190
259.666382
260.342743
261.672318
261.912683
263.574724
264.419468
265.201019
266.379499
268.017710
268.512015
270.252877
271.173802
272.969847
273.921538
275.520779
276.933275
278.417363
280.396343
281.507040
283.276421
285.215844
286.497366
289.067148
290.828617
293.000103
294.941480
297.881820
300.508446
302.584802
305.228032
307.622204
310.985356
314.103162
316.364504
320.330081
324.258836
327.478121
330.738231
335.585080
339.473303
344.881556
349.959687
355.758130
362.086820
368.762824
375.942997
384.483609
393.415582
402.483414
412.035198
422.375761
432.046898
442.226990
450.814581
459.129869
466.855527
473.547938
480.404630
486.809210
491.864095
495.537054
499.872213
499.922610
498.265159
490.580327
479.559692
463.617685
444.042666
421.706725
395.103409
366.477064
337.190767
307.044294
277.152055
248.978408
222.206612
196.067226
171.922446
148.308305
127.511733
108.234802
90.125313
75.443829
61.946979
51.341341
42.223014
35.531285
30.208688
25.588237
21.930124
18.596761
15.709846
12.870398
10.819241
9.020267
7.646057
6.263252
5.187423
4.106514
3.381416
2.667745
2.051255
1.577460
1.232980
0.859687
0.632996
0.496747
0.378469
0.296915
0.230793
0.174145
0.159690
0.126580
0.082628
0.095814
0.065243
0.070713
0.078331
0.053230
0.044440
0.038482
0.046979
0.059969
0.038482
0.041607
0.027152
0.043561
0.034770
0.025785
0.027054
0.023343
0.017581
0.023636
0.019827
0.023636
0.019046
0.020804
0.017874
0.015334
0.018264
0.016213
0.014846
0.018753
0.016897
0.015822
0.009669
0.014357
0.012013
0.008400
0.016018
0.011525
0.009181
0.011720
0.008986
0.010451
0.009181
0.009279
0.012111
0.009767
0.008595
0.009181
0.009767
0.007032
0.012111
0.008497
0.008400
0.015822
0.006349
0.010158
0.011330
0.009962
0.010939
0.010939
0.008595
0.011427
0.012013
0.003418
0.002442
0.004102
0.004981
0.003125
0.000488
0.001074
0.000391
0.000000
0.000000
0.001758
0.000879
0.001660
0.000781
0.001367
0.000684
0.000977
0.000781
0.000391
0.000195
0.000488
0.000000
0.001172
0.000098
0.000684
0.001465
0.000781
0.000000
0.000391
0.000684
0.000488
0.000000
0.000684
0.000000
0.001953
0.000000
0.001856
