222.190894
225.412777
225.223622
226.035467
226.765885
226.999482
227.459319
228.109924
228.321954
229.119388
229.619132
230.535481
230.329497
231.084706
230.696016
231.563589
231.715558
232.450209
232.973837
232.385008
233.408480
233.768449
234.061805
233.886054
235.252162
234.747984
235.769743
236.435766
236.640138
236.487867
236.839169
237.473045
237.704727
238.309882
238.833509
239.447936
240.068610
240.077377
240.361462
241.120501
241.360749
242.291105
243.057702
243.357004
243.822989
244.503624
244.718275
245.620717
246.072693
246.585437
247.549049
248.185848
248.218398
249.597909
249.689312
250.832204
251.284785
251.536017
253.159807
253.303211
254.217947
255.243334
255.990582
256.908644
257.310636
258.109279
258.825992
259.984805
260.640852
261.860634
261.779510
262.877758
264.596781
266.064773
267.127044
267.558865
268.683919
270.354368
271.409484
273.001833
273.998499
275.183111
276.955847
278.638994
279.558365
281.488311
282.980287
284.918798
287.266758
288.740192
290.619750
292.713757
295.108578
297.401112
300.405925
302.568358
304.700358
307.435698
310.547232
313.729208
317.002184
320.317082
324.320073
328.087552
332.248156
336.649813
341.482990
346.278779
352.090080
357.488102
364.362479
371.304175
379.397428
387.280969
396.477005
406.154947
415.848007
425.565050
436.180000
445.844036
454.688367
464.120922
472.065431
480.490840
486.675109
490.896077
493.777138
494.109595
491.636271
487.626830
478.763150
465.806387
452.396941
434.808652
415.712867
394.764633
370.967082
345.280601
317.630416
287.519603
259.397891
230.979194
202.919458
177.439164
153.070318
130.815232
111.812160
95.397902
81.338053
70.511979
60.311114
53.209790
47.547335
42.709220
38.396244
35.386997
32.406370
29.929317
27.602418
25.521109
23.627745
21.961427
20.339955
18.900382
17.394599
16.266724
15.216546
14.140972
13.221298
12.304244
11.611214
10.741927
10.158036
9.625338
8.910338
8.243509
7.749106
7.274153
6.797789
6.275874
5.927192
5.652882
5.222975
5.153340
4.719200
4.366789
4.065572
3.662371
3.354704
2.904643
2.595968
2.213123
1.994542
1.623689
1.318542
1.096131
0.953938
0.699581
0.590442
0.435449
0.306054
0.204876
0.167791
0.104504
0.068829
0.038295
0.020961
0.015519
0.008264
0.000907
0.001109
0.001008
0.001109
0.001109
0.001109
0.001209
0.001411
0.001411
0.001713
0.002922
0.002419
0.000504
0.000403
0.000504
0.000302
0.000504
0.000504
0.000705
0.000403
0.000302
0.000202
0.000907
0.000202
0.000504
0.000806
0.000000
0.001008
0.000605
0.000202
0.001008
0.000605
0.000605
0.000000
0.001109
0.000907
0.000806
0.000806
0.000907
0.001008
0.000000
0.002721
0.002116
0.001612
0.000000
0.000000
0.000000
0.000000
0.000000
0.000000
0.000000
0.000000
0.000000
0.000000
0.000000
0.000000
0.000000
0.000000
0.000000
0.000000
0.000000
0.000000
0.000000
0.000000
0.000000
0.000000
0.000000
0.000000
0.000000
0.000000
0.000000
0.000000
0.000000
0.000000
0.000000
0.000000
0.000000
0.000000
0.000000
