220.122288
223.624541
224.137828
224.358610
224.957701
225.701340
226.241908
226.470390
226.849910
227.064861
227.695304
228.747179
228.790632
229.715670
230.243368
230.575695
231.207898
231.216149
232.042402
232.346238
232.160218
232.586600
232.364169
232.895056
233.462136
234.100499
234.626217
234.673629
235.154355
235.813399
235.761916
236.087643
235.965757
237.113007
238.251237
238.872219
238.422956
239.196846
239.558875
239.670531
239.774816
240.762888
240.959028
241.412802
241.776591
242.225635
242.883909
243.792117
244.283952
244.513974
245.337147
245.987281
246.441935
247.452008
247.768055
249.232011
249.354998
249.420561
249.938688
250.723029
251.538502
252.274990
252.867922
253.606940
254.658155
254.814913
255.657667
256.646179
257.629631
258.407151
259.549891
260.327742
261.437150
261.746596
263.082066
264.867239
265.805809
266.322616
267.480536
268.806105
270.049061
271.266494
272.744202
273.948105
275.483565
277.233426
278.682642
280.079825
281.610666
282.898613
284.527138
286.903812
288.988642
290.806927
293.195152
295.216617
297.830134
299.717833
302.906240
305.056522
308.031738
310.680347
313.512775
317.121734
320.356453
324.539312
328.370372
331.426112
336.203662
340.171240
345.046695
350.738283
355.668851
361.519727
369.051711
374.695556
382.579339
391.541948
401.056126
411.306682
423.175203
435.401243
448.650336
462.142762
477.102995
489.753877
500.629156
507.412661
509.664699
509.151522
503.720868
495.261425
483.786945
472.041080
460.398071
449.425877
437.253630
426.103666
412.848853
397.890270
380.616616
359.519602
334.515844
305.476634
274.086932
239.789557
204.562084
172.103895
141.338476
113.843967
90.338047
70.750752
54.858441
41.441698
30.602501
22.966342
16.824720
12.101073
9.065684
6.351072
4.857744
3.683323
2.936934
2.564564
2.234437
2.042587
1.794854
1.684518
1.514559
1.421824
1.350101
1.252746
1.200273
1.143510
1.070906
1.004133
0.867175
0.839344
0.778731
0.727248
0.710417
0.625053
0.596451
0.533528
0.483365
0.505806
0.416042
0.418792
0.363129
0.338378
0.295365
0.231782
0.220562
0.201751
0.178979
0.142787
0.139267
0.098235
0.071944
0.040702
0.030362
0.031572
0.022881
0.015181
0.008140
0.006160
0.005500
0.003960
0.003630
0.004510
0.005940
0.002970
0.003080
0.003520
0.004950
0.001870
0.002200
0.001540
0.002090
0.002750
0.001650
0.002530
0.001540
0.002200
0.002750
0.003410
0.001540
0.003740
0.002090
0.002420
0.003080
0.003630
0.005500
0.001320
0.001870
0.002200
0.002530
0.002640
0.001650
0.003520
0.004730
0.001320
0.001760
0.001100
0.001650
0.001650
0.000990
0.001760
0.001650
0.002090
0.002640
0.001760
0.002200
0.003410
0.000550
0.000770
0.000000
0.001980
0.000000
0.000220
0.001100
0.001650
0.000660
0.000000
0.000880
0.000000
0.001100
0.000770
0.000660
0.001540
0.000000
0.000880
0.000000
0.002970
0.000000
0.001100
0.000880
0.000660
0.002200
0.000880
0.000000
0.002090
0.001320
0.001650
0.002530
0.000880
0.000550
0.000000
