220.132471
223.453808
224.095453
224.681142
225.452817
225.772038
226.528998
226.929300
227.434408
228.378356
228.772753
229.492175
229.555439
229.641425
230.123710
230.721510
230.795485
231.208700
232.290387
232.428626
233.119220
233.420923
234.014519
234.347253
234.336342
234.672580
235.273384
235.415727
236.117832
235.924538
237.249069
237.187007
237.331752
237.328949
237.984308
238.494420
238.595422
239.115945
239.554185
240.000133
240.275710
240.693229
241.429469
241.628969
242.464109
242.693939
243.417366
244.401055
244.994551
245.335694
246.252315
246.228691
247.385954
247.562631
247.807577
248.046517
248.963539
249.593672
250.504287
250.926010
251.272358
252.585978
253.240436
253.366963
254.401202
255.217622
256.369680
256.973386
257.486402
258.281100
259.552578
259.792419
261.084116
262.138476
263.455199
264.446695
265.341894
265.980736
267.031592
268.926496
269.551324
271.018998
271.955539
273.173963
274.855753
276.635441
277.833144
279.290008
281.066093
282.817953
284.444387
286.063414
288.521784
289.965234
292.069348
294.883275
296.675376
298.796106
301.739163
303.779914
306.879528
309.496758
312.675651
315.813404
318.866371
321.854374
325.268103
329.287442
333.872749
338.304902
342.224240
347.123962
351.956718
358.246537
364.859982
370.864415
378.462549
386.768594
395.997066
404.953565
415.909873
428.019940
440.314493
453.879322
467.184590
481.728702
496.046187
509.916023
520.920679
530.062665
535.205532
535.519847
530.652257
519.250401
501.574942
480.651620
453.519160
424.445549
395.579847
367.597533
340.961771
314.910197
290.647820
267.297559
244.148501
222.680431
198.109144
177.034870
155.792428
135.239478
116.471121
97.746508
81.769155
66.818734
53.451003
41.070064
31.302250
23.159269
16.665744
12.386045
9.031774
6.794527
5.073397
4.001220
3.351067
2.760273
2.473385
2.133143
1.827636
1.585793
1.359466
1.242649
1.072478
0.973178
0.832136
0.724628
0.622125
0.493196
0.404306
0.369872
0.384186
0.309211
0.277679
0.226728
0.195396
0.146848
0.142043
0.116717
0.095196
0.098199
0.094795
0.084485
0.075075
0.064465
0.050050
0.059159
0.039640
0.045346
0.038339
0.036937
0.033534
0.039239
0.029430
0.029430
0.024425
0.025426
0.025125
0.016016
0.023323
0.024625
0.019920
0.023123
0.019019
0.017718
0.014314
0.012312
0.012312
0.012212
0.018118
0.010711
0.007007
0.004605
0.005506
0.006607
0.008308
0.006306
0.008108
0.004705
0.006406
0.008509
0.009610
0.007307
0.009510
0.010711
0.011712
0.004104
0.008609
0.004805
0.004404
0.006006
0.009610
0.003303
0.003704
0.003303
0.003804
0.003704
0.005305
0.004004
0.005405
0.006707
0.006006
0.004104
0.003504
0.002703
0.002803
0.003604
0.002503
0.004004
0.003103
0.003904
0.004505
0.004605
0.002603
0.004104
0.004004
0.003003
0.005906
0.003403
0.003904
0.005005
0.002903
0.003504
0.003604
0.000901
0.001401
0.003804
0.000000
0.000000
0.000000
0.000000
0.000000
0.000000
0.000000
0.000000
0.000000
0.000000
0.000000
0.000000
