216.101913
219.185644
219.496467
219.844871
221.274927
221.241187
221.116401
222.124967
222.614249
223.116612
223.143084
224.158191
224.372466
224.602001
225.219807
225.714902
225.983888
226.082616
226.426141
227.569875
227.595517
228.367073
228.587576
228.804343
229.310443
228.971174
230.881272
231.070528
230.756902
231.205384
231.583272
232.481586
232.684649
233.194590
233.467728
234.030199
234.026877
235.152028
235.472402
235.799524
236.237937
236.124051
237.134486
237.236640
237.328101
238.014425
239.008353
239.072718
239.118293
239.356861
239.818839
240.318606
240.579806
240.861353
241.947365
242.639917
242.860629
243.210590
243.530030
244.458035
245.268729
245.089959
245.840959
246.237015
247.006910
248.008416
248.356301
248.936006
249.358016
249.836604
250.542860
251.574058
251.936270
253.301130
253.759475
254.522725
255.539493
255.754079
256.143490
257.098280
258.717384
259.452916
259.942820
260.838954
262.224474
263.279757
264.587000
265.565148
266.432629
267.901824
268.454536
269.945325
271.167335
272.235180
273.960072
275.801756
276.544970
278.360389
279.789822
281.450141
282.929302
284.439608
286.748876
288.113113
290.281712
292.832870
294.586311
297.283538
299.485669
301.951387
304.056243
307.086613
309.986902
312.955502
316.307907
319.855173
323.428498
326.888663
330.721110
335.279642
339.597218
343.965975
349.655679
354.979953
360.996571
367.847034
374.213198
382.196183
389.835954
398.461348
407.917368
418.171313
428.405949
439.061971
449.399383
459.718940
469.503640
478.878477
488.619263
497.375360
503.465895
510.248462
511.768942
511.962454
508.560944
499.045541
484.064883
466.776411
443.961847
417.381278
386.883757
353.885635
319.520265
283.093123
247.431099
213.398042
183.087907
156.667837
134.348161
115.843492
101.494966
89.158277
78.895300
70.689943
64.113033
58.537215
53.507362
48.561391
44.625025
41.091566
37.985826
35.176168
32.512370
29.998066
27.939512
25.789704
23.943971
22.147757
20.643266
19.027172
17.571577
16.106950
15.026544
13.903781
13.014084
11.909904
11.158073
10.227472
9.548105
8.996015
8.288305
7.775769
7.210287
6.645739
6.411324
5.690949
5.196062
4.987808
4.617291
4.267226
3.949759
3.766213
3.344515
3.165434
2.961748
2.713006
2.481810
2.318300
2.151158
1.987856
1.918923
1.735273
1.613809
1.468468
1.336830
1.163562
1.039607
0.927279
0.864055
0.792319
0.720582
0.635869
0.499871
0.439035
0.339788
0.340618
0.256735
0.227252
0.184376
0.164132
0.142435
0.109318
0.112640
0.084402
0.089489
0.064885
0.061770
0.044433
0.052323
0.045679
0.035193
0.035816
0.020971
0.033117
0.023878
0.019310
0.015884
0.012458
0.011835
0.009343
0.011316
0.011420
0.009447
0.008824
0.006125
0.007682
0.012354
0.008617
0.007059
0.010797
0.006852
0.009032
0.007163
0.009240
0.009032
0.006748
0.004776
0.006333
0.005606
0.008928
0.004672
0.005191
0.003737
0.003114
0.004464
0.004464
0.006021
0.004568
0.003841
0.002699
0.003945
0.002907
0.003218
0.000831
0.001972
0.003426
0.002907
0.001038
