211.487004
214.536887
214.797137
215.495681
215.966675
217.002228
216.766049
217.716213
218.380693
218.541476
219.086049
219.455759
219.618813
220.595775
220.701147
221.058594
222.196793
222.186801
222.865360
222.957561
223.661100
224.005830
224.149808
224.591281
225.019581
225.126316
225.324343
226.330372
226.862683
227.017561
227.826019
228.398297
228.510482
228.796167
229.635510
229.683654
230.805956
230.576136
231.443184
231.534930
231.906457
232.527335
232.814382
232.755792
233.115056
233.865831
234.491250
234.402683
235.752989
235.771611
236.165847
236.655009
236.555088
236.888463
237.529324
237.981697
238.162010
238.560789
239.354258
239.278408
239.953334
240.389810
241.071548
241.625660
241.991282
241.908166
242.332379
243.152191
243.421525
244.182293
244.703248
245.618894
246.213882
247.009622
247.264877
247.792191
247.898017
248.799129
249.732489
250.340649
251.406177
251.669153
252.772379
253.559944
254.257125
255.238175
256.234666
256.682043
257.276577
258.124095
258.976154
259.618833
260.826977
262.052380
262.969843
263.806460
265.147682
265.904816
267.582138
267.498113
269.571488
270.724675
271.917831
273.164582
275.039022
276.040510
277.874527
279.186681
280.887621
282.744348
284.156423
286.016783
287.614168
289.942344
291.893542
293.919227
296.271929
299.020230
301.771256
304.113512
307.368234
309.996629
313.085118
316.490177
320.274938
323.296661
327.092323
331.322191
335.918135
340.523617
345.436131
351.063539
357.832780
363.987049
371.487535
379.766502
388.247129
397.434475
406.774883
417.239410
426.377704
435.426068
442.914746
448.855999
452.143877
453.893869
453.922483
451.175545
447.475717
441.538551
436.329906
429.056060
421.567837
414.704124
406.500099
397.306394
388.466048
378.638749
367.046924
353.222756
338.897618
321.712448
302.859040
279.457832
256.831017
232.830279
209.087520
185.676320
165.327720
146.869003
130.983269
118.692446
108.296956
99.993916
92.785020
86.388214
81.154588
76.794823
72.250202
69.022277
66.099567
62.926599
60.232801
57.143404
54.793881
52.685079
49.663810
47.993301
45.770952
43.601288
41.095070
39.345986
37.319392
35.114302
33.306628
31.780097
29.766675
27.922211
26.109994
24.940002
23.196369
21.719344
20.391294
18.810714
17.428615
16.185045
14.982805
13.770573
12.824950
11.947456
11.033172
10.301927
9.597025
8.775396
8.163603
7.607221
7.077182
6.627080
6.100674
5.621050
5.143242
4.854832
4.422444
4.074080
3.705733
3.465920
3.090760
2.865936
2.614769
2.379045
2.111981
1.930306
1.676414
1.507909
1.294894
1.044636
0.908833
0.740783
0.618606
0.436930
0.345638
0.282052
0.224824
0.144432
0.100376
0.068583
0.069491
0.069491
0.045873
0.031339
0.026343
0.027251
0.024072
0.019530
0.022255
0.013171
0.009538
0.009992
0.009538
0.009992
0.008630
0.005450
0.002725
0.009084
0.002271
0.004542
0.006813
0.007267
0.007267
0.006813
0.005904
0.002271
0.003179
0.006813
0.004088
0.009084
0.005450
0.002725
0.001817
0.000454
0.002271
0.001363
0.001817
0.000908
0.000000
0.000000
0.002725
0.001363
