221.791121
224.759520
225.019630
226.286639
226.941204
227.251419
228.108302
228.264607
228.808780
228.949115
229.939646
229.709082
230.758402
231.139183
231.379430
231.732564
232.768509
232.404196
232.636957
233.951078
234.212884
234.531882
234.771330
235.493168
235.924055
236.377899
236.485096
236.373008
237.793627
237.669262
237.473132
238.291189
238.750821
239.403989
240.146887
240.388931
240.568592
240.701541
241.794778
242.295533
242.643776
243.180464
244.132867
244.420923
244.910699
245.495595
245.908117
246.339703
246.914119
247.090187
248.040893
248.901768
249.381962
249.680300
249.924339
250.938326
251.715559
252.744518
253.444198
254.073211
254.563685
255.904655
255.977618
257.377576
258.576015
258.752682
259.977870
260.496192
261.492712
262.410580
263.148787
264.578190
265.386964
266.286068
268.044849
269.320043
270.151873
271.219459
272.723521
273.947811
275.785843
277.456192
278.360086
279.996898
283.025184
283.613773
285.161852
286.904864
288.822046
290.938154
292.983494
295.333860
297.198342
299.655106
302.309698
304.924464
307.436225
309.592656
313.298564
316.218554
319.035140
322.557494
326.080447
329.371437
333.691286
337.862815
342.489685
347.619806
352.444902
358.195052
364.451747
371.121962
377.565404
385.830210
394.368799
403.989846
414.087494
425.560746
438.821126
451.975107
467.580263
483.207677
499.923138
515.934627
531.996222
545.929332
558.728882
567.397227
570.084656
567.667816
556.913408
535.594133
505.220642
467.523669
424.771335
378.305508
330.994175
285.701933
243.667345
206.441084
174.288550
148.084292
126.599231
109.675363
95.425949
84.014480
73.864931
65.326641
58.054861
51.329351
45.668233
40.402069
34.901048
30.259107
25.681444
21.889499
18.360258
15.834922
13.429062
11.346791
9.874069
8.631813
7.792597
7.021651
6.491851
5.948377
5.370966
4.873704
4.440821
4.089085
3.687442
3.432823
3.190979
2.827465
2.628540
2.374320
2.121697
1.858394
1.567942
1.338375
1.209019
0.954898
0.760864
0.671134
0.505347
0.406433
0.326284
0.227471
0.194333
0.125962
0.093424
0.055795
0.043917
0.045414
0.023655
0.028746
0.026250
0.019763
0.019563
0.018665
0.021759
0.016070
0.015271
0.017168
0.017168
0.013774
0.021260
0.016768
0.022757
0.018964
0.013275
0.013974
0.012077
0.012776
0.010879
0.013774
0.014273
0.011678
0.008783
0.012077
0.010580
0.012077
0.008783
0.010680
0.014772
0.009582
0.012077
0.007386
0.009083
0.009282
0.011279
0.009981
0.012177
0.011578
0.008783
0.009682
0.010680
0.006687
0.010879
0.011179
0.014473
0.012776
0.015670
0.016070
0.011578
0.005689
0.007486
0.004891
0.004092
0.004591
0.005789
0.003593
0.003793
0.006588
0.005889
0.004791
0.005989
0.008384
0.004292
0.007286
0.009282
0.006388
0.005290
0.006987
0.005889
0.007486
0.007286
0.006488
0.009981
0.006288
0.009183
0.009682
0.007087
0.005290
0.001996
0.002895
0.001697
0.003094
0.001497
0.005190
0.005290
0.001697
0.000299
0.000798
0.000699
0.000699
0.000000
0.000399
