224.710738
227.169474
227.974427
228.005797
228.433799
229.343216
229.904797
230.378829
231.283325
231.638029
232.146917
232.386906
232.620949
232.810501
233.028141
233.294785
234.983012
234.705092
235.018380
235.542030
235.386514
236.077162
236.631464
237.010055
237.177258
237.460713
238.113841
238.931096
239.175493
239.774902
240.913441
241.102070
241.422329
241.271528
242.158596
242.626170
243.417488
243.573722
244.963835
244.964552
246.096633
246.397106
246.975704
247.589466
248.164168
248.407336
249.279129
250.298237
250.690154
251.230104
252.057508
252.724885
253.485859
253.877161
254.406244
255.114115
256.177407
257.001736
257.450754
257.669523
259.166662
260.202070
261.067609
262.040688
262.688895
263.872540
265.096270
265.942947
267.112650
268.337918
269.359896
270.990100
272.355814
273.977919
275.645131
276.629999
277.649517
279.662002
281.261862
282.326897
284.467526
285.813762
287.544329
290.016802
291.762336
293.710543
295.757986
298.694650
301.139853
304.059704
306.138722
309.255916
312.520732
315.194853
318.450955
321.908706
324.842499
328.451050
332.215528
336.830885
341.997880
345.984201
351.626048
356.752753
362.144154
368.769229
375.971262
383.928732
391.715412
400.646268
410.782914
421.306147
433.247376
445.542079
459.121918
473.903139
487.592670
503.875950
518.324302
533.615743
548.002688
561.854194
572.942903
580.882023
581.195926
574.416565
557.792933
529.240784
491.243663
443.932583
389.340534
333.566479
276.025054
225.084818
178.688998
141.046376
110.886166
86.911341
69.437957
56.199187
45.945468
37.898809
32.142760
27.170443
23.269517
19.190419
16.421676
13.890257
11.810829
10.078417
8.821062
7.756130
6.838205
6.098554
5.535026
5.011786
4.543289
4.225285
3.896620
3.760684
3.424536
3.285627
3.133801
2.998993
2.832508
2.684680
2.578679
2.456685
2.308038
2.103314
2.000388
1.839541
1.752915
1.622413
1.439935
1.317121
1.198613
1.159247
1.049965
0.950935
0.936993
0.765074
0.716995
0.672093
0.584852
0.497303
0.482029
0.408217
0.351834
0.302216
0.252086
0.179095
0.181248
0.131220
0.106411
0.082628
0.078937
0.062842
0.035470
0.027474
0.028807
0.019068
0.019170
0.020708
0.013635
0.013737
0.014660
0.008611
0.012814
0.003793
0.003998
0.003998
0.006971
0.004613
0.006766
0.004306
0.003998
0.003178
0.003998
0.003691
0.003383
0.004818
0.003178
0.003793
0.003486
0.003486
0.003998
0.004613
0.004613
0.003793
0.008201
0.004203
0.005638
0.006561
0.004613
0.008304
0.003998
0.002050
0.007381
0.006766
0.002665
0.003588
0.002563
0.001435
0.002460
0.002563
0.002973
0.002563
0.001435
0.004408
0.002768
0.003486
0.001128
0.001948
0.001230
0.000513
0.001333
0.000513
0.002563
0.002460
0.002460
0.000513
0.001538
0.001128
0.001333
0.001845
0.000923
0.002358
0.001743
0.001333
0.001333
0.001743
0.002973
0.001640
0.001128
0.002563
0.003075
0.001640
0.000000
0.001025
0.000000
0.000000
0.001538
0.000615
0.000308
0.000000
0.002665
0.000718
