205.182644
206.608350
207.013179
207.274713
208.022987
208.785551
209.085323
209.567636
209.830377
210.727582
210.700614
211.404813
211.597718
212.107804
212.678268
213.166518
213.106744
213.358718
214.014414
214.514136
214.819645
214.992323
216.285099
216.353627
216.485752
216.830808
216.875286
217.522932
218.008565
218.097722
219.005996
219.191153
219.653541
219.967402
220.701789
220.635878
221.702340
222.182841
222.470237
221.725182
222.152854
223.580170
223.438384
223.199392
224.163816
225.060316
224.872946
225.927433
225.765824
226.161193
226.648638
226.743431
227.295882
227.807176
228.081791
228.436104
229.159624
229.011599
230.221457
230.369985
230.745330
230.893858
231.433126
231.524095
232.052596
232.076646
232.564594
232.901600
233.613245
233.821043
234.368262
234.444035
235.015002
235.225114
235.473164
235.945213
236.044835
237.741333
237.193611
238.007797
239.014888
238.926637
240.204520
240.010005
240.068067
240.758682
241.401296
242.216488
242.695380
243.237164
243.424032
244.122696
244.709965
245.380453
245.438516
246.825782
247.541956
248.157602
248.788140
249.332541
250.055155
250.513217
251.455604
252.160306
252.389840
253.605333
254.359544
255.712496
256.412871
257.314000
257.638225
258.934624
260.343525
261.419346
262.408324
263.178132
264.308192
265.351409
266.416562
268.328607
269.540779
270.772876
272.591436
273.154352
274.985491
276.797913
278.720725
280.199059
281.876740
283.882570
285.835067
288.119739
289.983682
292.617737
294.942962
296.836893
299.906770
303.001201
306.399932
309.512476
312.315989
316.167750
320.332768
324.740100
329.450224
333.472852
338.475201
344.534453
349.839794
355.598669
361.804134
368.786350
375.940441
382.857853
391.458781
398.066559
405.153732
410.874368
414.786506
417.409089
416.533620
411.079247
403.755799
394.032761
381.027821
367.200745
351.677876
336.666402
322.164712
308.123700
297.232867
287.153805
277.999016
270.933680
264.636744
259.260761
254.014086
250.792260
246.217784
242.478928
238.838486
235.160511
230.819795
227.849842
223.835968
220.382998
216.073880
212.462117
208.347414
203.750799
199.167367
194.501017
189.997988
185.060745
180.680281
175.170563
170.460540
165.614065
160.031089
155.027734
150.168076
144.592949
139.895606
135.532249
130.165020
126.362265
122.245146
117.345740
113.136144
109.057867
104.578183
100.756409
97.102585
93.727300
90.815108
87.703168
85.049491
82.104494
79.183245
76.093746
73.850935
71.577534
69.295478
67.211158
64.506260
62.341638
60.021445
57.789401
56.016023
53.491050
51.197221
48.909128
46.605839
43.108492
40.333759
36.844462
33.639440
29.952609
26.170282
22.739651
19.292517
15.852629
12.927556
10.627589
8.314741
6.307099
4.653771
3.763611
2.857249
2.065402
1.534284
1.105707
0.801909
0.576703
0.414087
0.315571
0.191597
0.113912
0.070541
0.034817
0.022138
0.024755
0.009862
0.013182
0.016805
0.016604
0.011774
0.013585
0.012075
0.011975
0.013987
0.015698
0.014893
0.007044
0.012981
0.003119
0.012176
0.007145
0.007648
0.006038
0.001107
0.006541
0.001409
0.006239
0.004730
0.005736
0.005132
0.007346
