218.313860
221.817893
222.321139
222.859433
223.135073
223.799627
223.825808
224.208283
224.787221
225.283816
225.540348
226.089305
226.470618
226.241746
227.301443
228.015826
227.938550
228.573650
228.999303
229.029285
230.011600
230.266549
230.743613
230.550950
231.029071
231.391065
231.549946
231.910885
232.720491
233.466016
233.925134
234.610591
234.941232
235.561870
235.258149
236.162344
235.791904
236.604465
237.013966
236.852762
237.602405
238.052127
238.449382
238.986304
239.440777
239.982660
240.072077
240.432488
241.272181
241.870860
241.906226
242.855287
243.165554
243.957424
244.911447
245.038235
245.923533
246.256919
247.028837
246.486108
247.853222
248.742637
248.945751
249.393995
250.682883
250.843769
251.774040
252.062347
252.918086
254.163057
254.755297
255.811300
256.778414
257.331804
257.758724
258.763420
259.082659
260.359195
261.222429
262.016200
263.578087
264.396349
265.559504
266.473517
267.584838
268.576549
270.135058
271.285545
272.597657
273.500269
275.196967
276.913407
278.528079
279.791418
281.427943
283.251324
284.899144
286.316297
288.506001
290.057965
291.989870
294.213884
296.142094
298.889834
301.676212
303.337861
306.642264
309.077309
312.282267
315.495986
318.471648
322.196214
326.026665
329.356615
333.539771
338.168110
342.858417
347.933628
353.016650
358.409305
365.325421
371.760461
379.403733
387.059568
395.736462
405.067038
414.760030
425.380653
436.197318
447.886612
459.241043
470.172144
481.527525
490.764249
499.510608
507.541950
512.910642
516.768752
520.060592
521.858742
519.390442
514.295385
504.669851
489.587054
468.386240
441.388443
409.544941
371.760355
334.593874
293.789076
255.270577
216.051736
180.567807
147.792241
117.643960
91.146874
68.866938
51.375699
37.739086
27.723898
20.507968
15.388946
11.871928
9.576444
7.594711
6.253145
5.534645
4.800204
4.097117
3.623326
3.224382
2.828077
2.431245
2.171229
1.959248
1.772602
1.601581
1.441645
1.335760
1.227657
1.091051
0.986855
0.854156
0.748798
0.642702
0.570598
0.516019
0.481604
0.404222
0.340670
0.296859
0.278068
0.252415
0.223489
0.219055
0.188123
0.183056
0.156453
0.147479
0.133333
0.118554
0.099234
0.088994
0.078649
0.075798
0.068197
0.067669
0.065769
0.049934
0.041700
0.045922
0.047295
0.035049
0.040644
0.038321
0.029559
0.027765
0.023331
0.021853
0.024281
0.017102
0.018052
0.015624
0.014568
0.008023
0.011401
0.010346
0.016258
0.010557
0.005595
0.006862
0.004645
0.008445
0.008551
0.004539
0.008868
0.005701
0.003589
0.005806
0.004012
0.003378
0.005806
0.007918
0.005278
0.004117
0.004328
0.004962
0.004645
0.006229
0.006229
0.004751
0.003167
0.003589
0.003695
0.004962
0.007284
0.006545
0.004539
0.006017
0.002745
0.005278
0.003800
0.003167
0.005173
0.002217
0.004012
0.004434
0.001267
0.004434
0.003273
0.003167
0.003484
0.006017
0.005912
0.000950
0.000739
0.000422
0.003273
0.004645
0.000211
0.000739
0.001795
0.000000
0.000106
0.001056
0.000317
0.000528
0.000950
