224.359951
226.793935
227.419488
227.967190
228.037935
229.090802
229.460055
229.531347
229.959098
230.596789
230.837782
230.958606
232.063302
232.310965
232.894968
233.558901
233.692081
233.997587
234.416153
235.125136
235.623960
236.268758
236.448956
237.109609
237.779228
238.270180
238.424354
238.978178
239.307848
240.000648
240.042636
241.115295
241.991354
242.492037
242.648617
243.116169
243.786663
244.258698
245.048704
245.469348
246.487445
246.979818
248.047884
248.428290
248.800167
249.725103
250.025250
250.659114
251.670868
252.456828
253.148753
254.073470
255.025305
255.727180
256.001194
256.526371
257.234588
258.129563
259.113873
260.928864
261.188445
262.590227
263.260721
264.403140
265.809734
267.318563
268.271382
269.449994
270.380506
271.592140
273.002779
274.229065
276.414949
278.025796
279.979544
281.833789
283.031318
285.104796
286.748555
289.004747
290.940890
292.872769
295.049687
297.200034
300.270615
302.657581
305.271216
308.505375
311.336494
314.571856
318.139840
321.769494
325.612914
329.735050
333.733191
337.801859
342.909398
348.906008
354.350653
360.840401
367.781629
375.188004
383.095390
391.634890
402.611107
413.204623
424.825201
438.210034
451.693168
463.878286
475.038091
483.483993
489.878503
490.661293
487.079422
478.739802
465.539977
448.481862
428.925906
408.846632
390.765063
371.920495
355.473828
339.229665
322.750413
306.306042
287.988400
269.422767
250.279255
231.160345
212.863915
195.404838
180.320042
167.417960
156.411563
147.412712
139.076481
131.738337
124.707557
118.466892
113.015796
106.794158
101.135528
95.478538
90.584219
86.224807
81.404404
76.960142
72.906782
69.585914
65.569841
62.915968
59.603628
57.116613
54.108139
51.580120
48.895302
46.438356
44.483406
42.560165
40.471487
38.716089
36.913344
35.180470
33.737465
32.309878
30.892132
29.181345
27.660050
25.946640
24.619430
23.182985
21.848012
20.307145
18.802799
17.699742
16.369799
15.184735
14.215078
13.128314
11.893937
11.149417
10.100814
9.106555
8.157782
7.330600
6.419550
5.640041
4.731726
4.047455
3.216664
2.643814
2.004264
1.630529
1.164507
0.870373
0.673993
0.524739
0.363239
0.254442
0.158220
0.115248
0.082117
0.073807
0.050845
0.038598
0.022525
0.009185
0.008310
0.005030
0.000765
0.000765
0.000765
0.000765
0.000765
0.001312
0.000437
0.000875
0.001421
0.000437
0.000984
0.000984
0.000984
0.001203
0.001531
0.000984
0.000656
0.001312
0.000984
0.000875
0.002296
0.000437
0.001968
0.000765
0.002515
0.000875
0.003171
0.001968
0.000875
0.000765
0.000765
0.000000
0.001421
0.000547
0.000875
0.000000
0.001640
0.000984
0.001093
0.001203
0.001531
0.001859
0.001859
0.000000
0.000000
0.000000
0.000000
0.000000
0.000000
0.000000
0.000000
0.000000
0.000000
0.000000
0.000000
0.000000
0.000000
0.000000
0.000000
0.000000
0.000000
0.000000
0.000000
0.000000
0.000000
0.000000
0.000000
0.000000
0.000000
0.000000
0.000000
0.000000
0.000000
0.000000
0.000000
0.000000
0.000000
0.000000
