222.964411
226.064775
226.785511
227.242234
227.914720
228.478644
228.801122
229.291503
230.169150
230.492407
231.032400
231.100689
231.988842
232.126491
232.778938
233.468837
234.277611
233.898030
234.170216
234.534037
234.957199
235.707022
235.911209
236.533305
236.691869
236.896835
237.886741
238.489771
238.489187
238.984335
239.141342
239.583376
240.067434
240.959964
241.392757
242.024775
241.731675
242.284120
243.165268
242.822654
244.372787
244.990505
245.041187
246.047242
245.796652
247.434044
247.571207
248.849739
249.476796
249.566779
250.029533
250.924981
251.513516
252.313730
252.781639
253.409669
254.131087
255.491624
255.771300
257.022010
257.551594
258.335951
258.706874
259.935015
261.201971
261.801012
262.954735
263.766232
265.043889
265.740500
266.941306
267.455618
269.276866
270.318233
271.908347
273.124621
274.798589
275.418448
276.998446
278.657726
279.832753
281.805464
283.661344
285.149024
287.077279
289.258263
291.154222
293.200281
295.520373
297.233156
299.346338
302.615966
304.852496
307.142627
310.189585
312.949182
316.110150
319.520541
323.057782
326.021275
330.216411
333.939941
338.857954
343.022156
347.091900
352.794464
358.111708
364.017681
370.556452
377.639787
385.203387
393.402215
402.605930
412.949458
423.356314
435.835105
448.103094
462.686020
477.790261
493.623799
511.300377
528.066232
546.239222
562.917819
577.331090
587.334435
591.649516
588.074238
574.733851
554.031620
519.987057
476.719127
427.675967
372.503481
316.483311
263.772653
214.156133
170.237118
134.195719
104.643477
81.718043
64.097498
50.609928
40.323989
32.203373
25.847584
20.693573
16.448241
13.009835
10.254129
7.909230
6.228452
4.964415
3.930344
2.893550
2.296454
1.833700
1.392542
1.108683
0.836303
0.683868
0.544079
0.492424
0.433181
0.357888
0.349814
0.330844
0.268878
0.248158
0.222865
0.209052
0.181327
0.179090
0.148350
0.130548
0.140762
0.113427
0.091636
0.089302
0.080644
0.074224
0.067706
0.065371
0.041538
0.037939
0.040468
0.022471
0.025973
0.030935
0.025779
0.017413
0.014981
0.018191
0.018288
0.019650
0.016635
0.017024
0.014884
0.017899
0.015273
0.010020
0.008366
0.007685
0.010506
0.008950
0.008852
0.005545
0.008658
0.007490
0.008561
0.009533
0.008950
0.009436
0.006712
0.007880
0.009631
0.007393
0.006226
0.009825
0.004086
0.004669
0.004572
0.002821
0.005545
0.004572
0.006226
0.004767
0.005545
0.002821
0.002043
0.002821
0.002918
0.003016
0.001751
0.003113
0.003113
0.002918
0.003405
0.002237
0.002627
0.003794
0.002237
0.002724
0.004280
0.003502
0.004669
0.005156
0.002918
0.003502
0.003307
0.003599
0.005837
0.004475
0.002627
0.003113
0.005350
0.001459
0.002529
0.002724
0.004280
0.001070
0.000681
0.001070
0.000973
0.001946
0.001362
0.001070
0.002821
0.002043
0.001946
0.000389
0.000778
0.000876
0.000000
0.000973
0.000000
0.000584
0.000000
0.001167
0.000000
0.001362
0.000486
0.000486
0.000195
0.000876
0.000486
0.000681
0.000195
