220.376892
223.952738
224.781399
225.432319
225.487785
226.677445
226.844780
227.386120
227.758461
227.726305
228.960608
229.488941
229.947030
230.309277
230.442791
230.382330
230.381810
232.276398
231.995009
232.861030
232.462881
233.381766
232.821381
234.329580
234.287747
235.139823
235.644012
235.010679
236.034877
237.321836
236.738765
237.338798
238.013965
238.703701
238.245300
238.933370
238.868955
239.957880
240.132604
239.946017
240.449062
241.594494
241.651209
241.948416
243.433201
243.546318
243.873807
244.447928
245.060761
245.817202
245.931776
246.045518
246.720998
247.277324
248.094538
248.575001
249.264217
249.892971
250.301318
250.884493
251.546548
252.507371
252.993766
253.685167
255.160377
255.177132
256.076869
257.606089
257.344368
258.315285
259.295463
259.831185
261.117103
262.614688
263.647835
264.164200
265.739729
266.792960
267.616106
268.648421
270.167963
271.177175
272.972383
274.395770
276.155179
276.985610
278.639498
279.956740
282.005759
283.921473
285.790566
287.573182
289.390347
291.624184
293.678615
295.560508
298.381786
300.201761
302.489295
305.014511
307.221292
310.520952
313.488440
316.472995
320.913717
323.706169
327.287218
331.532820
335.224802
339.548451
345.718508
350.924933
356.417325
362.559805
369.834813
376.895553
385.137419
393.124849
403.262449
413.395886
424.160471
435.641953
448.448898
460.191580
472.982811
483.156521
491.584453
496.821889
497.340856
494.630510
488.393644
478.619436
467.944450
455.921835
443.722208
431.269393
417.557508
402.254173
384.726159
365.130497
343.752115
320.609850
296.774934
273.298415
249.761747
226.321442
204.478103
183.728580
164.179955
145.296403
128.367277
112.763405
97.902133
85.462639
73.545441
63.189619
53.775993
46.025828
38.950935
32.836865
28.492923
24.617477
21.544988
18.993131
17.082101
15.326021
13.583158
11.858818
10.365500
8.735754
7.499266
6.364448
5.325265
4.382030
3.488120
2.798800
2.248822
1.650767
1.247311
0.911704
0.642179
0.479111
0.350279
0.280036
0.209169
0.173579
0.121547
0.105521
0.101983
0.085749
0.062542
0.063063
0.068474
0.057651
0.049430
0.044748
0.044643
0.042978
0.023414
0.039232
0.018836
0.029450
0.019460
0.021957
0.020292
0.023310
0.029138
0.018627
0.022062
0.013112
0.015089
0.015297
0.023727
0.014153
0.014049
0.011863
0.015818
0.009054
0.011135
0.013632
0.012904
0.012904
0.011551
0.013945
0.014257
0.016754
0.007389
0.004787
0.016442
0.007597
0.011759
0.009366
0.011759
0.006452
0.014049
0.006868
0.007180
0.010927
0.008221
0.024351
0.004579
0.008950
0.010094
0.003226
0.012071
0.009470
0.006660
0.008429
0.006972
0.007284
0.003850
0.013216
0.009470
0.012175
0.005828
0.002185
0.003746
0.007389
0.003538
0.002810
0.005203
0.004891
0.009574
0.011447
0.004475
0.009990
0.001249
0.004995
0.001353
0.004579
0.005203
0.006140
0.003746
0.004787
0.001145
0.001561
0.006556
0.009470
0.003018
0.000000
0.006556
0.000000
0.004371
0.004787
0.002393
0.003434
0.006140
0.000000
