219.719447
222.919534
223.779772
224.208649
224.687802
225.259574
225.539056
226.234798
226.293198
227.187368
227.200559
227.846216
228.367520
228.202928
228.855466
228.864929
229.892914
230.188549
230.017266
230.696568
231.446983
231.942767
232.616047
232.773853
232.890654
233.515665
233.642025
233.782817
234.725543
235.054345
234.742174
235.826839
236.696445
237.072274
237.201214
237.887684
237.975046
238.872753
238.995098
240.133385
240.318718
240.374729
241.131261
241.683152
242.204457
242.813792
243.531518
243.319517
244.130913
244.980542
245.676570
246.519604
247.210854
247.634282
247.983061
248.154918
249.026435
249.779621
250.588150
251.322603
252.244492
252.950078
253.328010
254.373486
255.130592
255.859118
256.549030
257.948064
258.425114
259.367362
260.372694
261.786162
261.611724
262.730608
264.350246
265.431661
267.277638
267.757937
269.636794
270.768390
271.975400
273.065514
274.087764
276.406967
277.537320
279.171487
280.616878
282.530049
284.291722
286.165035
288.636595
290.616673
292.358465
294.679771
297.201035
299.245630
301.830265
304.646877
307.536609
310.449281
314.185584
317.271642
320.909017
324.960645
329.714323
334.795752
339.699685
345.627780
351.418619
357.799486
365.153665
373.070727
382.028390
390.682772
400.024389
408.868597
417.401016
424.134676
429.179020
432.671970
433.313230
432.464462
431.178214
426.562461
421.915835
416.459246
410.510410
403.392223
395.896391
387.388346
378.419116
368.590796
358.358258
348.101921
336.614583
324.527945
312.734075
299.340161
285.629871
272.656231
257.851622
245.148958
233.749650
221.471275
211.201460
200.137646
190.304833
180.881016
171.739834
163.570723
155.353437
148.607638
142.402833
136.452086
131.056956
125.609926
120.364096
114.777994
109.676015
104.445860
99.359461
93.663535
87.487596
82.335818
77.265286
72.218935
67.823021
62.902839
58.838212
54.309439
50.921150
47.217345
43.828961
40.687657
37.803660
35.508830
32.679506
30.120774
27.861979
25.340237
22.914365
20.696479
18.426787
16.800172
15.153006
13.664698
12.170463
10.756231
9.445323
8.504605
7.667975
6.896150
6.248295
5.624144
5.053901
4.623113
3.992463
3.437800
3.036642
2.629176
2.246083
1.932096
1.556936
1.226987
1.023493
0.755098
0.604843
0.412723
0.276806
0.216015
0.147674
0.087266
0.054195
0.042630
0.026381
0.018256
0.011852
0.007169
0.003250
0.002390
0.005066
0.002103
0.001816
0.003345
0.002390
0.001243
0.004397
0.002867
0.005257
0.004397
0.003632
0.001816
0.002772
0.002485
0.004206
0.004684
0.004014
0.003919
0.001816
0.000478
0.000478
0.000287
0.001243
0.000478
0.002390
0.001243
0.002676
0.000573
0.002198
0.000765
0.005353
0.002198
0.000478
0.000478
0.000669
0.000669
0.000765
0.000573
0.001147
0.000860
0.000573
0.000860
0.000573
0.001338
0.001816
0.000287
0.002198
0.000956
0.001625
0.000000
0.001720
0.000000
0.002294
0.000000
0.002676
0.001912
0.001529
0.000000
0.000000
0.000000
0.000000
0.000000
0.000000
0.000000
0.000000
0.000000
0.000000
0.000000
