221.621767
224.834762
225.109237
225.568127
226.378396
226.419378
226.882822
227.741914
227.910393
228.608343
228.779351
229.751016
230.080132
230.412790
230.705985
231.224577
232.167656
232.025486
232.125157
232.371045
233.634892
234.277694
234.037876
234.293884
234.972607
235.323985
236.347003
235.868127
236.643233
237.305513
237.425422
238.226331
238.075053
238.544316
239.310821
239.457291
240.441099
240.580739
241.009020
241.093766
242.116784
242.321944
242.733782
243.375825
243.888851
244.845844
244.659151
245.348246
246.494208
247.331292
247.487628
248.197467
248.573383
249.688989
249.954103
250.824073
250.677856
252.580963
252.818756
252.854425
256.557679
255.044908
255.923226
256.377057
256.963193
258.387424
258.914871
259.967486
261.011248
261.653290
262.943194
263.442054
264.609519
265.922948
267.129118
267.568530
268.889802
270.184259
271.396499
272.989463
274.107598
275.448349
277.037518
278.631493
280.150842
281.684357
283.614279
285.383816
286.885963
288.931493
290.896831
292.776917
295.266160
297.426792
300.130808
302.704290
305.164188
307.458136
310.465718
312.902089
316.850220
319.714620
322.736874
326.412807
330.294407
334.211422
338.470708
343.087697
347.416044
353.844817
358.324947
364.415750
371.549554
378.950751
386.435174
395.185975
404.229464
415.681245
427.132772
439.933651
454.408698
470.742581
487.984128
504.912495
522.958997
538.705227
551.450706
558.562755
559.060351
552.684449
536.872447
515.192763
486.892048
454.258433
419.510479
384.668925
349.867847
319.316442
291.666371
265.941921
244.254143
224.320723
204.890971
187.241887
167.488078
148.950810
129.562292
110.553738
93.282847
77.273779
62.666175
49.781562
38.753257
29.824617
21.942015
16.171729
11.262305
7.623811
4.866672
3.198070
1.823168
1.101692
0.700479
0.458385
0.338982
0.242853
0.210220
0.195800
0.177839
0.145206
0.131292
0.122944
0.119403
0.100936
0.088287
0.066532
0.060713
0.055401
0.057931
0.045282
0.043258
0.048065
0.031621
0.029092
0.028839
0.026815
0.027827
0.021756
0.014419
0.019479
0.020997
0.017961
0.018467
0.016190
0.007336
0.006071
0.009107
0.009613
0.005565
0.004553
0.008095
0.005818
0.009613
0.008854
0.009107
0.004301
0.008348
0.007336
0.005818
0.003289
0.003036
0.003036
0.003036
0.004806
0.004553
0.006577
0.003289
0.004553
0.003289
0.004048
0.004048
0.004048
0.003795
0.004301
0.004553
0.004048
0.006577
0.004806
0.004553
0.004048
0.011384
0.006071
0.004048
0.010119
0.006071
0.004806
0.008348
0.006830
0.005059
0.003036
0.004553
0.004301
0.007083
0.001518
0.001012
0.001518
0.002024
0.001012
0.002024
0.001265
0.000759
0.003289
0.001771
0.002783
0.002783
0.004806
0.001265
0.000506
0.000506
0.001012
0.000759
0.001265
0.000253
0.001265
0.003542
0.002024
0.000253
0.001518
0.000253
0.000253
0.000759
0.032127
0.000506
0.001012
0.001265
0.000000
0.001518
0.003289
0.000000
0.001012
0.001265
0.000759
0.002277
0.001518
0.000253
0.001265
0.000506
0.001771
