216.910278
220.170724
220.914574
222.052914
222.131616
222.291355
223.221013
223.281392
224.140465
224.867345
225.097547
225.924033
225.578608
226.001381
227.128408
227.217070
227.731579
228.692965
228.640825
228.686570
229.059540
230.118687
230.450585
230.731204
231.321464
231.952673
232.206853
232.832036
232.562484
233.352817
233.864376
233.665409
234.550675
235.007266
234.823424
235.633555
235.684219
236.086211
237.043538
236.884783
238.165031
237.916630
238.487460
239.005044
239.194788
239.653837
239.666995
240.641046
240.924617
241.564802
241.610302
242.412809
243.084475
243.290574
243.798812
244.630217
244.535529
245.932969
245.778640
246.681983
247.648779
247.748754
248.299048
248.718502
249.341348
250.054947
250.931237
251.762519
251.853271
252.646310
253.460253
253.866302
255.163520
255.304814
256.093302
256.748490
257.777263
258.628098
259.806280
260.637808
261.155023
262.676540
263.222776
264.455680
265.842913
267.073850
267.892712
269.195095
270.749199
271.902542
272.915574
274.260505
275.379785
277.002998
278.435976
280.464993
281.773279
283.266266
285.763064
286.331435
288.916771
290.917751
293.256777
295.230088
297.452661
299.714954
301.911949
305.138578
308.091966
309.608195
313.226485
316.401221
319.480408
322.777376
326.545691
329.739609
334.225950
338.612070
343.668627
348.102459
353.157786
359.222702
365.357220
372.138932
378.948190
386.357177
395.244517
404.099516
414.125811
424.441949
436.148393
447.968954
461.515409
474.889460
490.911930
507.098198
522.794797
538.113752
550.175705
558.399126
560.790907
555.691557
544.736832
522.614153
493.393603
458.251643
417.550669
376.560960
334.635320
295.105273
258.665604
225.554137
196.976109
171.899549
149.219443
129.148407
112.220134
97.486519
84.807623
73.483863
64.074266
55.334737
47.998672
41.057097
35.367365
30.246741
25.374764
21.515327
18.505373
15.771119
13.314532
11.349952
9.886232
8.780602
7.761297
6.883655
6.271138
5.689856
5.244210
4.738062
4.294507
3.931866
3.653829
3.328449
3.133663
2.874195
2.637722
2.421663
2.184944
2.013523
1.864236
1.803243
1.661212
1.506883
1.341734
1.248891
1.121616
1.038980
0.922403
0.857229
0.763525
0.714460
0.656787
0.577348
0.484628
0.425971
0.385513
0.361288
0.330545
0.306689
0.283325
0.253320
0.243236
0.200073
0.167855
0.144491
0.131087
0.111534
0.116699
0.103418
0.101205
0.088047
0.096286
0.070831
0.045622
0.044024
0.050049
0.037383
0.037383
0.036645
0.027668
0.018692
0.020413
0.022996
0.027054
0.018323
0.018692
0.013650
0.022873
0.011436
0.018937
0.008239
0.012789
0.017216
0.011559
0.011190
0.020044
0.012543
0.011436
0.011928
0.006394
0.016847
0.012420
0.008116
0.003320
0.009469
0.007255
0.006272
0.007378
0.006272
0.006640
0.008116
0.009961
0.003197
0.000984
0.012051
0.003812
0.008362
0.004304
0.004673
0.009469
0.007132
0.004427
0.006886
0.007870
0.010330
0.000492
0.009469
0.007255
0.003443
0.000000
0.005042
0.006640
0.005657
0.007501
0.005165
0.002951
0.009715
