220.753323
224.188688
224.957488
224.847391
225.397876
225.962640
225.454428
226.224449
227.005649
227.424431
227.841616
228.969453
229.670429
228.996601
230.203065
229.981274
230.756650
230.784175
231.284590
231.642217
231.965087
232.746193
233.560085
232.910587
233.436460
233.894039
234.560633
234.609952
235.096652
235.624873
236.169722
236.087619
237.537010
237.585765
237.429168
238.320277
238.501016
239.738668
240.170038
240.458526
241.032872
241.379226
241.786642
242.647315
243.171027
243.514657
243.834897
244.480636
244.848409
245.267567
246.231855
246.374643
247.099668
247.623662
248.583723
249.376383
249.867687
250.453399
250.880072
251.082605
252.096869
252.831382
253.677400
254.686685
255.664125
256.690037
257.519147
258.100350
259.272714
259.834566
260.916184
261.620824
263.360112
264.031685
265.387043
266.772556
267.884235
268.662992
270.060717
271.728987
273.191906
274.456331
276.259498
277.449522
279.076084
280.234263
282.522533
284.331525
285.719386
287.861580
289.894899
291.829394
293.923585
296.725235
299.350090
302.048406
304.890825
307.590926
310.699663
313.710703
316.632126
320.381436
324.757792
328.023878
332.958046
337.302087
342.724082
347.357174
354.139507
360.162903
367.789375
376.005880
384.073680
393.827786
403.282131
412.324458
421.412534
428.523372
436.310387
439.641103
443.231656
444.146626
443.884065
443.779698
442.367037
441.448216
438.549433
434.781711
429.444167
424.194268
417.527105
408.083751
399.889321
387.601857
373.699855
355.877480
336.870341
314.456395
291.869788
268.622035
245.273109
221.570408
201.431393
183.618787
168.036022
155.330527
144.747875
136.300091
128.051552
121.374619
115.101627
109.232949
103.306968
97.827200
92.975135
88.302964
83.075705
78.477933
73.962547
69.801782
65.622793
61.616746
57.557342
54.397784
51.112252
47.908824
44.889329
42.447562
39.680012
37.453366
35.128459
33.248638
31.338849
29.256964
27.548112
25.971338
24.347689
23.090592
21.431810
19.993033
18.896385
17.515945
16.428972
15.532696
14.455586
13.462647
12.584971
11.221158
10.165373
9.276800
8.172260
7.135075
5.944487
5.099971
4.180680
3.462607
2.765764
2.164364
1.709885
1.244697
0.904731
0.634749
0.400840
0.290555
0.169842
0.102582
0.051291
0.028839
0.024800
0.012964
0.013997
0.005824
0.005918
0.004509
0.004133
0.005636
0.004697
0.004697
0.004603
0.007609
0.003570
0.007703
0.007421
0.005636
0.007045
0.004509
0.005730
0.004321
0.003945
0.007985
0.005824
0.006012
0.003852
0.007327
0.012776
0.008830
0.005542
0.002255
0.002724
0.002161
0.001785
0.003194
0.002536
0.001033
0.000000
0.000000
0.000000
0.000000
0.000564
0.000282
0.000000
0.000845
0.000000
0.000376
0.000658
0.000658
0.000658
0.000752
0.000000
0.000094
0.000845
0.000000
0.000752
0.000000
0.000752
0.000376
0.000845
0.000000
0.000094
0.000000
0.000000
0.001879
0.000752
0.000564
0.000376
0.000188
0.000000
0.000658
0.000188
0.000658
0.000094
0.000188
0.000564
0.000658
0.000000
0.000000
0.000000
0.000000
