216.974539
220.382191
221.037674
222.609269
222.815900
222.724166
223.232998
223.824666
224.029610
224.243758
224.785877
225.554110
226.382630
227.003444
226.659826
227.461500
227.507367
228.648671
228.420410
228.976950
230.112425
230.912105
231.203720
230.972852
231.562219
232.175056
232.459462
232.630351
233.004036
233.597545
234.076923
234.559063
234.749434
234.733940
235.305360
236.188950
236.765125
237.242816
237.363542
237.536886
237.838933
238.168592
238.837727
239.087771
239.781911
239.906166
240.340291
240.969082
241.569188
242.228659
242.448176
243.310290
243.750705
244.041093
244.618649
245.604097
245.448856
246.268324
246.795717
247.087640
247.756622
247.970617
249.232801
249.953173
250.814060
251.616348
251.611592
252.380746
253.076880
253.491523
255.110672
255.494328
256.684874
256.757126
258.273343
258.523694
259.689389
260.611329
260.916291
261.734226
263.274373
264.550977
265.724956
266.115515
267.729602
269.174640
269.645428
271.459397
272.436562
274.267098
275.226468
276.595420
278.419819
279.978835
281.056631
282.452888
284.754212
286.281320
288.401784
290.774593
292.381009
294.025623
296.900206
299.724321
301.987755
304.804046
306.745030
310.324492
312.513066
316.602893
319.978638
322.868102
327.542234
331.246411
335.499457
340.502328
345.461940
350.643063
356.261993
362.982189
369.938930
377.345290
383.888308
392.550563
400.643086
409.328811
418.147381
427.233790
436.227851
445.352457
453.639032
460.489620
466.583479
469.825612
470.199604
468.955674
464.512104
458.409347
450.457800
443.139032
434.454534
426.878206
417.850090
411.220553
400.021811
389.971430
379.499809
365.751080
350.259714
330.959858
308.472173
283.106684
255.376209
224.003839
194.373491
164.791465
137.120816
113.135784
92.252061
75.130195
61.887383
51.776101
43.479094
37.642642
32.989219
28.703958
25.625811
22.579418
20.115336
17.950846
16.196398
14.470481
12.977582
11.586540
10.400596
9.187807
8.189779
7.240993
6.426894
5.854861
5.093991
4.516589
3.970942
3.599404
3.131070
2.840375
2.471599
2.185046
1.999277
1.802156
1.612399
1.479861
1.364656
1.232118
1.188399
1.064450
0.966734
0.838337
0.829900
0.760716
0.691072
0.628024
0.611917
0.563136
0.511439
0.490423
0.435659
0.413723
0.365401
0.325977
0.300053
0.289468
0.279650
0.265384
0.234704
0.212614
0.206478
0.159997
0.138981
0.115511
0.105540
0.095569
0.089893
0.064428
0.066729
0.057832
0.055071
0.044333
0.047708
0.039884
0.031140
0.023624
0.028226
0.026078
0.018562
0.019329
0.016107
0.016107
0.020556
0.015033
0.013499
0.014880
0.014420
0.009971
0.011352
0.007670
0.013039
0.011658
0.011045
0.009664
0.008130
0.010891
0.012732
0.009818
0.007670
0.009818
0.009511
0.007363
0.010585
0.005369
0.007056
0.006596
0.008590
0.006136
0.005983
0.006596
0.009357
0.005522
0.007517
0.005216
0.006596
0.006289
0.006903
0.005216
0.007823
0.007363
0.005983
0.002915
0.002761
0.000000
0.000000
0.000000
0.000000
0.000000
0.000000
0.000000
0.000000
0.000000
