216.573607
220.115113
220.218869
220.824912
221.588986
221.691105
222.544898
222.714745
223.786929
223.799445
224.807995
224.843906
225.050249
225.781103
226.163959
226.072953
226.670105
228.198605
227.403065
227.965710
228.639013
229.262485
229.289389
229.748512
229.754360
230.537619
231.001304
231.550731
232.327673
232.020148
232.990097
233.107188
232.778491
233.301248
234.260669
234.169546
234.372145
235.378941
235.867425
235.738519
236.996107
237.579574
237.587645
237.634903
238.431145
239.114040
238.942556
239.142230
239.282833
239.407294
240.579608
240.493281
241.303560
241.363217
242.020143
242.702804
243.597538
244.095848
244.666213
245.152006
245.386422
245.460935
246.658281
246.422930
247.504121
248.454184
248.801012
249.343655
250.119544
250.640429
251.179797
252.119098
252.628988
252.691452
253.602212
255.274590
255.549363
256.059603
257.355910
258.163148
259.143507
259.734928
260.583575
261.728283
262.756251
263.654729
264.956533
265.648435
266.758636
267.943817
268.921603
270.048063
271.792614
273.117579
274.228365
275.457294
276.823785
278.255197
279.595602
281.468591
283.031364
284.768429
286.716632
289.342583
290.909567
292.756939
295.286386
297.652537
299.771522
302.496783
304.676712
307.732425
310.399200
313.731323
316.450736
319.932819
323.396421
326.399496
331.232396
335.535170
339.645404
344.766880
350.185586
355.318524
361.628807
367.917800
375.108195
382.243028
390.116903
398.905632
408.221562
418.485451
429.017561
441.108234
452.976071
465.839942
478.809674
492.921541
503.856861
514.057701
520.723701
523.347079
520.378394
512.847487
500.257219
481.966921
460.769701
436.724280
410.060512
384.591399
356.886562
330.800762
304.978973
279.926639
255.004380
232.590630
209.497261
189.626644
170.796862
153.506225
137.106345
121.258817
106.882354
92.522151
78.679558
66.153508
55.150344
44.866452
36.671367
29.853300
24.061096
19.714457
16.245708
13.524540
11.517617
10.075794
8.776096
7.787431
7.392994
6.170732
5.668446
5.089658
4.588307
4.339621
3.894534
3.668189
3.392482
3.161926
2.856390
2.568048
2.316671
2.098866
1.958497
1.779175
1.630852
1.540431
1.379007
1.308238
1.188339
1.076512
0.947958
0.855080
0.726877
0.682427
0.599960
0.537379
0.509890
0.427774
0.365310
0.363321
0.314777
0.290798
0.273134
0.252079
0.236639
0.215583
0.205991
0.194879
0.166337
0.156628
0.149025
0.146919
0.126332
0.109839
0.089017
0.075214
0.067845
0.058838
0.059891
0.040005
0.034507
0.054042
0.045269
0.039888
0.041760
0.026904
0.038134
0.018482
0.024682
0.020587
0.017312
0.014622
0.013920
0.017897
0.013335
0.012165
0.008890
0.010411
0.009124
0.006083
0.010060
0.010879
0.007369
0.010177
0.012984
0.010879
0.010294
0.006551
0.008890
0.008890
0.008305
0.011580
0.010411
0.005849
0.004796
0.006317
0.007252
0.001755
0.002807
0.005966
0.004328
0.002807
0.003509
0.003041
0.001638
0.001170
0.000936
0.002106
0.001755
0.003275
0.005615
0.002106
0.000117
0.003392
0.000117
0.002807
0.002807
0.001287
