213.999638
216.705081
217.514446
217.641131
218.590968
218.836445
219.443394
219.759107
219.983503
221.066220
221.329881
221.772079
222.436675
222.878075
222.977384
224.396795
224.206468
224.236840
224.693026
225.397486
225.676133
225.852573
226.261901
226.209049
227.594391
227.977643
228.642239
228.715872
229.091331
229.744538
230.399643
230.708663
230.815565
231.752415
231.818654
231.920961
232.719736
233.086403
234.010963
234.326377
234.420092
234.206486
235.055515
235.387713
235.531183
236.215561
236.732991
237.177288
237.134426
237.612292
237.537660
237.246625
238.476208
239.273783
239.644547
239.213938
240.106127
241.004312
240.765529
241.903595
242.364376
242.337900
243.178837
243.166648
244.092807
244.856813
244.835632
245.785869
246.108176
246.768377
247.560157
247.905744
248.857879
249.279396
250.086363
250.388988
252.040588
251.759344
253.082941
253.829563
254.071144
254.520236
255.873407
256.263753
257.349766
258.261538
259.102674
260.341049
261.072685
261.940297
262.733477
264.107029
265.244196
266.666504
267.617241
268.610339
269.771884
270.840613
272.735492
273.933504
275.330935
276.606277
278.554008
279.878105
281.577562
283.055719
285.089072
286.553243
288.900810
290.922974
293.044547
295.150235
297.918021
299.756351
302.630840
305.171433
308.129746
311.102246
314.580987
318.056131
321.714208
325.295855
329.690064
333.108759
337.760135
342.677868
347.616083
352.405234
357.788045
363.637932
370.046411
375.263273
381.309781
387.860532
393.861582
399.317027
406.287596
413.066539
419.750269
427.378840
435.489074
444.402678
453.019652
463.687463
475.169335
485.533622
495.521950
503.185190
507.152087
505.351922
498.461580
483.105427
460.016997
431.175092
397.496880
361.142298
325.224920
289.468894
257.312800
227.498978
202.685414
180.320227
161.510910
144.556309
129.952772
117.971754
107.256886
98.168340
90.612003
83.896203
77.510203
71.451905
66.142028
61.578372
57.361003
53.416385
49.851024
46.084944
43.345033
40.271324
37.535809
35.127596
32.690709
30.461734
28.533685
26.782176
25.084318
23.737141
22.294951
20.986639
19.964867
18.982060
18.094166
17.237145
16.278116
15.533692
14.731321
13.787178
13.302019
12.565687
11.644025
11.093025
10.533133
10.013006
9.416048
8.999826
8.319044
7.937691
7.533358
7.098553
6.555346
6.114147
5.655264
5.254528
4.849196
4.580240
4.202383
3.832619
3.436279
3.250847
2.867096
2.546887
2.287422
2.120474
1.869802
1.706150
1.465169
1.329992
1.194315
1.093207
0.954433
0.942944
0.813861
0.688675
0.582971
0.523125
0.455386
0.394741
0.295931
0.288938
0.232189
0.207811
0.163052
0.163751
0.105904
0.088220
0.075831
0.068438
0.062743
0.041662
0.060045
0.031172
0.022979
0.024178
0.023978
0.023279
0.015286
0.010890
0.011090
0.013488
0.015786
0.012788
0.017084
0.009691
0.009791
0.014287
0.013787
0.011190
0.010890
0.013088
0.013787
0.010790
0.008792
0.014587
0.012289
0.006694
0.003097
0.005195
0.001698
0.002797
0.002198
0.006694
0.000999
0.002498
0.000000
0.000899
0.001499
0.000300
