374.659879
381.943455
388.791274
396.333379
403.501378
411.237660
419.384122
429.351085
440.824819
454.896363
472.527082
492.550034
513.842303
537.416779
558.542021
575.768709
586.523558
585.502493
573.048646
546.518830
506.357349
455.040065
393.839819
328.955897
263.747446
203.336586
150.304253
106.401046
73.305488
47.913812
30.166017
18.732184
11.123029
6.486465
3.702201
2.058928
1.095765
0.656784
0.396605
0.250503
0.172502
0.133127
0.100651
0.090676
0.061726
0.057901
0.048751
0.055876
0.053101
0.041701
0.042826
0.039151
0.040651
0.032625
0.031275
0.027075
0.023625
0.035250
0.025950
0.026400
0.011700
0.016575
0.017700
0.019425
0.012600
0.013275
0.016425
0.014700
0.013350
0.014025
0.019725
0.010875
0.007050
0.011550
0.016350
0.018150
0.015375
0.013275
0.010875
0.003825
0.008625
0.008025
0.006300
0.010500
0.007950
0.005175
0.008400
0.005250
0.010125
0.006825
0.008850
0.006300
0.006000
0.004575
0.011400
0.005925
0.005700
0.007575
0.008100
0.003750
0.003150
0.004050
0.004650
0.001200
0.001575
0.003600
0.002250
0.004275
0.001950
0.000900
0.003750
0.004650
0.002325
0.001725
0.002325
0.005025
0.004350
0.006750
0.002475
0.001500
0.002250
0.001800
0.003375
0.001950
0.003525
0.001950
0.006825
0.003075
0.005475
