374.500338
384.107439
394.297735
406.580951
420.007095
435.062781
452.235683
470.082307
488.686140
506.479553
522.083542
535.344604
543.786676
547.303714
544.299328
533.279539
512.992272
483.990903
447.639147
407.729253
366.178842
325.010138
286.709652
250.706149
218.136650
186.498675
158.003373
129.510265
104.997043
83.123908
65.119848
50.415366
38.930609
30.118562
22.928791
17.332155
13.080768
9.625191
7.268489
5.290695
3.871270
2.925289
2.328696
1.768283
1.443116
1.052326
0.774390
0.604995
0.433707
0.346284
0.298978
0.242891
0.189605
0.157891
0.119213
0.132761
0.113233
0.123451
0.111038
0.074858
0.097111
0.077204
0.067667
0.070998
0.071073
0.055027
0.052226
0.061461
0.045793
0.047004
0.047761
0.043144
0.040722
0.035120
0.035499
0.039510
0.033909
0.048745
0.046852
0.048139
0.030428
0.036483
0.033607
0.036256
0.045339
0.030882
0.027703
0.034136
0.026870
0.028384
0.024978
0.027627
0.024599
0.029292
0.023843
0.021799
0.032547
0.033909
0.020739
0.023010
0.022177
0.030730
0.025356
0.022253
0.016803
0.024372
0.027249
0.020815
0.018241
0.025129
0.021345
0.017863
0.018620
0.013776
0.026416
0.019528
0.022026
0.027249
0.020891
0.019680
0.018393
0.017560
0.017636
0.020739
0.015592
0.016955
0.016652
0.016803
0.016728
