375.838732
385.330137
395.159503
406.518229
419.701524
434.200782
450.745746
469.554946
490.069430
512.883886
535.604737
558.428669
575.679719
588.846593
590.961886
583.773635
564.066220
528.624529
485.422975
434.673074
379.828725
324.800060
273.290037
224.291861
180.186522
141.763512
108.924307
82.449212
61.471912
45.973817
34.431137
25.987324
19.227962
14.306262
10.492773
7.801094
5.649270
4.078461
2.919687
2.133595
1.619782
1.305547
0.932141
0.906317
0.705291
0.619354
0.538770
0.521264
0.370947
0.453122
0.311196
0.446901
0.247684
0.390044
0.292171
0.132595
0.163121
0.164930
0.097149
0.080078
0.080873
0.064670
0.072699
0.075954
0.093749
0.074869
0.075520
0.068359
0.059751
0.043547
0.067997
0.033999
0.052517
0.053168
0.039279
0.041232
0.059968
0.039858
0.043258
0.026910
0.034722
0.023003
0.033709
0.050130
0.032407
0.030888
0.036241
0.024812
0.032841
0.029586
0.026403
0.031394
0.049334
0.010272
0.021701
0.022280
0.015119
0.010778
0.009042
0.015697
0.013527
0.010055
0.006438
0.013021
0.009115
0.011574
0.007089
0.015119
0.009332
0.010417
0.008102
0.006800
0.007595
0.004847
0.005932
0.003400
0.007595
0.006366
0.005787
0.007957
0.007885
0.008319
0.008536
0.001736
0.003979
0.002749
0.003183
0.002387
0.004847
