329.722381
335.246895
341.269426
347.817070
355.559929
362.956708
372.242847
381.563247
391.433941
402.811670
412.288972
423.807431
434.160892
444.548543
455.039331
465.212056
473.478114
481.371563
485.725263
486.756126
484.775972
477.410191
464.822140
448.334925
429.257110
408.389524
384.641224
359.137556
331.407101
302.297575
271.937081
242.269245
214.468921
188.369135
166.029415
146.286040
128.624819
111.153344
94.803313
79.642537
64.044320
49.463489
36.634055
26.273500
18.869202
13.135154
9.153921
6.489126
4.785112
3.689913
2.939517
2.414971
2.039525
1.763313
1.555764
1.399003
1.268984
1.093851
0.976245
0.890559
0.778556
0.682230
0.569305
0.471631
0.388923
0.329340
0.283943
0.253513
0.224218
0.197902
0.159386
0.149100
0.127253
0.155910
0.114343
0.115833
0.127891
0.109378
0.100866
0.107108
0.104342
0.085828
0.073486
0.069017
0.066251
0.080154
0.064052
0.068308
0.063556
0.067457
0.059725
0.069372
0.063201
0.050362
0.061711
0.050930
0.053696
0.050078
0.045113
0.077246
0.045681
0.045964
0.034190
0.071429
0.033126
0.042560
0.052703
0.039155
0.035466
0.031210
0.033196
0.029437
0.033267
0.027877
0.031778
0.035963
0.043056
0.027309
0.027451
0.021564
0.024826
0.031210
0.024543
0.034190
0.030146
0.024330
0.026742
0.024188
0.016102
