343.634164
350.597066
358.365051
366.641155
375.704686
385.770332
396.495228
407.021678
418.216911
429.487003
440.255684
449.470698
458.519045
465.709700
471.796193
474.859742
478.119972
477.622093
474.974502
468.801146
457.156761
442.272980
422.419229
399.350092
374.461752
349.802224
322.510290
295.585586
265.991752
238.342827
209.126817
183.413974
158.871678
135.632697
116.612982
98.632107
84.318239
70.225063
58.150595
46.278104
36.414081
27.399632
20.302196
14.285972
10.139799
7.039173
4.924773
3.559311
2.589681
1.994344
1.536718
1.288485
1.134530
1.016593
0.852398
0.837215
0.725280
0.635238
0.591453
0.505648
0.462216
0.418784
0.343219
0.256708
0.271892
0.209392
0.173728
0.142655
0.127824
0.112994
0.134887
0.107344
0.107344
0.109110
0.091808
0.104873
0.108051
0.090042
0.088277
0.093926
0.085452
0.085452
0.090042
0.080861
0.083333
0.072387
0.076624
0.077683
0.079449
0.075565
0.077330
0.072387
0.071327
0.061087
0.067443
0.069209
0.067090
0.064618
0.053672
0.064265
0.063206
0.055438
0.051907
0.058616
0.046963
0.051200
0.048729
0.042726
0.046257
0.045551
0.037076
0.035664
0.042373
0.037076
0.033545
0.042020
0.030367
0.032486
0.034958
0.030014
0.027189
0.031426
0.029308
0.027189
0.029661
0.034958
0.028248
0.033898
0.030720
