346.494339
352.994236
359.734544
367.707081
376.120231
385.380249
395.869525
408.057273
421.486908
437.158608
455.247781
474.951110
495.617566
517.601310
538.108050
554.029074
565.104844
568.347828
562.693684
546.659002
519.218531
485.600567
442.699464
396.685471
349.597943
304.604092
262.315575
223.553260
189.782359
159.013010
132.769204
109.144654
88.227480
69.936805
54.538480
41.706295
31.407843
23.319975
17.387257
12.633932
9.156202
6.648563
5.072200
3.578110
2.589726
1.850109
1.399189
1.061742
0.774160
0.548421
0.420277
0.341440
0.274303
0.231310
0.199924
0.181724
0.145788
0.118766
0.142538
0.129630
0.121737
0.108737
0.103258
0.086637
0.088215
0.074380
0.105766
0.074194
0.063144
0.077537
0.061194
0.047079
0.055065
0.060079
0.066765
0.072522
0.063979
0.058501
0.074751
0.045129
0.047265
0.051722
0.043086
0.040393
0.041229
0.034543
0.046151
0.041229
0.034079
0.046986
0.037886
0.073637
0.049401
0.043551
0.038165
0.038072
0.042436
0.030086
0.027672
0.046801
0.023122
0.040208
0.039279
0.026557
0.053022
0.028693
0.036586
0.032500
0.037422
0.029343
0.025165
0.024793
0.036958
0.018757
0.032593
0.018479
0.021079
0.019593
0.021172
0.014857
0.020429
0.017272
0.024979
0.022007
0.022657
0.013372
0.016064
0.010400
0.012072
