378.102508
385.718038
394.435324
404.481946
416.381992
428.959761
444.701068
462.063270
482.389975
506.229373
530.958223
556.929479
581.833335
604.544870
618.387064
623.087867
611.060797
582.934732
537.087270
478.927706
408.522528
335.603202
264.964777
201.927108
147.450222
104.476676
71.332858
46.699402
29.911137
18.710832
11.408306
6.740782
4.126005
2.592399
1.595218
1.027664
0.692569
0.481771
0.317595
0.243504
0.206422
0.164822
0.126235
0.144166
0.098047
0.082268
0.074880
0.056447
0.049920
0.062830
0.057379
0.040237
0.050709
0.049992
0.047625
0.048629
0.037942
0.040739
0.038014
0.040237
0.034212
0.064695
0.033710
0.022593
0.035790
0.027686
0.019581
0.063835
0.022808
0.029479
0.018720
0.021087
0.028833
0.017501
0.028690
0.027614
0.032778
0.028259
0.021087
0.018720
0.025534
0.018218
0.018792
0.012839
0.012839
0.018146
0.014201
0.011189
0.013269
0.016855
0.011763
0.015134
0.019724
0.008822
0.013126
0.014775
0.011404
0.014488
0.017214
0.006168
0.007459
0.006025
0.013556
0.010902
0.012767
0.007890
0.005092
0.004088
0.007674
0.004949
0.009109
0.007746
0.006814
0.005021
0.005021
0.002080
0.003514
0.004160
0.002152
0.003658
0.003443
0.002295
0.003514
0.004160
0.003586
0.002797
0.002797
0.005092
0.003945
