335.269274
341.349172
348.681107
356.312949
364.096907
373.004630
382.156579
391.954627
402.102398
412.846984
424.545100
434.722709
446.100540
454.673723
462.791554
466.426253
469.011182
467.842995
464.161876
458.121073
451.163370
442.131369
429.512157
414.570825
393.052682
372.241112
347.550750
321.989177
296.931043
273.201937
250.785076
227.719120
205.921718
182.157380
157.499786
132.772527
108.684507
86.533119
66.701854
50.800730
37.968128
28.145703
20.881967
15.703917
12.220670
9.851396
8.116965
6.816841
6.003640
5.308389
4.636782
4.060880
3.612054
3.170088
2.671045
2.370939
1.962673
1.622008
1.326498
1.143211
1.000018
0.828054
0.704042
0.601210
0.559917
0.489253
0.431643
0.377363
0.356716
0.309363
0.304368
0.298241
0.293379
0.258813
0.243761
0.242961
0.231306
0.223447
0.222648
0.204599
0.215921
0.202668
0.195675
0.180356
0.172298
0.145524
0.141728
0.143259
0.117152
0.107361
0.122213
0.104031
0.101500
0.106296
0.082985
0.091444
0.097970
0.093775
0.096572
0.085449
0.064270
0.075326
0.078656
0.079122
0.069998
0.060141
0.059608
0.065602
0.056211
0.054347
0.040227
0.046688
0.048619
0.041692
0.056877
0.037164
0.053481
0.044623
0.040893
0.037497
0.043291
0.037363
0.039428
0.035698
0.038962
0.048486
0.040094
0.042358
0.042225
