390.420455
401.250833
413.820330
427.891858
444.209112
461.921864
481.956687
504.242979
527.402404
550.486114
573.876113
590.708729
600.555030
600.484079
586.315824
555.783178
510.842738
455.239737
392.075175
327.226896
264.724081
210.149494
161.799455
121.942313
89.775470
65.048457
46.579962
33.256823
23.612240
16.647568
11.991869
8.644747
6.085657
4.424423
3.150306
2.245236
1.600228
1.178791
0.808764
0.620214
0.475719
0.357279
0.315955
0.265946
0.233167
0.171320
0.149187
0.121731
0.120681
0.107443
0.090633
0.082508
0.104291
0.086150
0.065909
0.071302
0.060726
0.079567
0.057364
0.047908
0.040134
0.040624
0.035651
0.031028
0.037752
0.035441
0.037612
0.028997
0.044406
0.021923
0.025145
0.028227
0.027946
0.036001
0.025775
0.022553
0.031028
0.021363
0.021433
0.024865
0.016460
0.021783
0.018911
0.020662
0.022203
0.018211
0.021082
0.019541
0.018981
0.016250
0.019471
0.023324
0.026966
0.030888
0.019962
0.020732
0.014008
0.022133
0.028227
0.018351
0.015829
0.011907
0.021993
0.014288
0.019541
0.012747
0.018701
0.007634
0.009175
0.017510
0.006654
0.009456
0.010856
0.010086
0.010856
0.013378
0.020942
0.016950
0.011907
0.011557
0.010786
0.015899
0.004903
0.008335
0.011697
0.002592
0.005883
0.008335
0.007424
