376.263102
380.269601
385.054373
390.701984
397.117001
404.749895
414.240987
426.028047
439.137316
455.590485
473.524941
492.364213
511.208443
528.954274
544.670196
555.139326
558.686454
552.001915
536.109663
509.116180
471.102906
419.609634
363.584947
301.638507
240.369678
182.766640
131.373624
90.129408
58.934349
36.648068
21.976411
13.073881
7.893655
4.765550
3.079811
2.114203
1.571626
1.146625
0.908416
0.726108
0.560645
0.445310
0.389341
0.275432
0.226798
0.191817
0.129056
0.108950
0.088369
0.063577
0.052505
0.044219
0.046732
0.038309
0.039056
0.038037
0.027645
0.033622
0.034030
0.024385
0.031856
0.020513
0.050468
0.026626
0.021396
0.020106
0.022822
0.018000
0.020173
0.030090
0.029751
0.019902
0.021532
0.014196
0.015487
0.015962
0.023162
0.021668
0.016573
0.012498
0.013517
0.015826
0.013041
0.018747
0.015419
0.011819
0.016709
0.011411
0.015690
0.017117
0.016166
0.014468
0.009509
0.011547
0.010800
0.013381
0.009170
0.008219
0.006860
0.014128
0.008015
0.008015
0.005841
0.008898
0.014536
0.007607
0.003464
0.007268
0.008423
0.007268
0.008694
0.004347
0.006724
0.003464
0.008423
0.003464
0.009238
0.007064
0.008219
0.004075
0.004958
0.008287
0.009034
0.005026
0.009238
0.009374
0.009306
0.005366
0.001834
