339.534004
346.012748
353.023527
360.886287
369.330441
378.994038
389.730382
400.680198
413.324838
426.680810
439.153122
450.628665
462.795755
473.111662
481.654074
488.936819
494.720334
498.135287
498.629400
497.697697
491.448133
481.134394
463.584640
440.502633
413.033813
379.569714
342.621192
303.929144
265.179521
227.899356
192.738987
161.255350
133.207040
109.343576
88.482646
70.205261
54.900047
41.711212
31.598260
23.761330
17.920241
13.545520
10.094089
7.637326
5.848187
4.568475
3.678112
3.007859
2.425676
2.101854
1.820029
1.594859
1.356478
1.239029
1.068738
0.898907
0.790068
0.700815
0.648236
0.536768
0.467166
0.431544
0.380542
0.377584
0.309166
0.249423
0.244953
0.223264
0.213669
0.193426
0.178243
0.190271
0.148010
0.187773
0.140255
0.115477
0.121852
0.107064
0.119421
0.109430
0.113242
0.087413
0.117646
0.092342
0.113703
0.076240
0.084455
0.068353
0.085507
0.084324
0.067630
0.079197
0.074531
0.079263
0.058954
0.066776
0.059677
0.068944
0.064870
0.058692
0.054485
0.050936
0.063358
0.053434
0.054222
0.046598
0.052448
0.056194
0.052645
0.053828
0.057246
0.042721
0.056194
0.045087
0.035360
0.034176
0.071968
0.037397
0.032402
0.028261
0.027473
0.035951
0.038120
0.037397
0.030430
0.034834
0.040552
0.029116
0.030956
