351.452729
357.025888
364.507360
371.547823
379.517421
388.489231
398.663049
409.949968
423.234332
437.501100
453.967737
474.582994
496.928600
523.583459
552.384767
581.690558
608.915773
625.992229
632.442004
617.524601
584.107029
531.036496
462.031119
385.173410
309.025833
240.516760
183.298957
137.466809
102.577881
77.490186
58.917916
44.222818
33.521635
24.887222
18.021872
12.838478
9.050063
6.178552
4.125887
2.868134
1.970510
1.328954
0.985330
0.711857
0.514535
0.422102
0.362981
0.280151
0.223055
0.189218
0.146753
0.141426
0.114791
0.108489
0.117117
0.088232
0.085831
0.094909
0.076152
0.086956
0.056270
0.121844
0.058221
0.069025
0.073752
0.041190
0.044341
0.048167
0.036538
0.049143
0.041340
0.040665
0.042090
0.042540
0.044266
0.047867
0.037814
0.038789
0.034287
0.042615
0.049893
0.033312
0.038339
0.030761
0.047717
0.033987
0.030236
0.026935
0.029861
0.021683
0.017556
0.023033
0.028060
0.021983
0.021908
0.026034
0.023709
0.018082
0.023258
0.024384
0.015906
0.018757
0.022658
0.017256
0.020707
0.013805
0.014780
0.011629
0.011104
0.015005
0.009078
0.011704
0.009528
0.009303
0.006227
0.008328
0.007503
0.009678
0.005777
0.009603
0.008628
0.005327
0.006677
0.006827
0.006527
0.007653
0.010129
0.006677
0.008028
