344.854533
350.876472
358.501036
366.808027
375.754121
385.807764
397.429629
409.837330
423.561356
438.295403
454.950139
471.751268
487.490470
502.838410
513.165038
519.127568
520.649696
517.491015
504.710437
490.606774
471.625219
448.601821
424.349015
395.874721
366.206773
334.938227
301.540080
267.695183
233.299925
202.192575
171.788805
144.310204
120.130460
98.972330
81.177941
65.622103
52.757379
41.219254
32.175159
24.924689
19.094832
14.795754
11.340771
8.548344
6.499510
4.934329
3.704109
2.756741
1.949008
1.389658
0.967238
0.741295
0.576247
0.434788
0.372945
0.288597
0.263252
0.230066
0.214183
0.197692
0.185391
0.170793
0.154369
0.153828
0.136188
0.131998
0.121724
0.099488
0.113141
0.101583
0.100570
0.088674
0.079347
0.094689
0.091513
0.089283
0.085498
0.085768
0.085025
0.084889
0.082118
0.086241
0.076711
0.077320
0.070764
0.064410
0.071575
0.071507
0.081983
0.070426
0.065019
0.070899
0.055489
0.063599
0.051907
0.051704
0.064275
0.045621
0.047649
0.049136
0.035956
0.052583
0.039268
0.063464
0.039200
0.043526
0.033591
0.035213
0.036362
0.040012
0.032509
0.034537
0.039809
0.029806
0.031698
0.045892
0.032509
0.038254
0.031969
0.032645
0.032982
0.027440
0.043458
0.077184
0.030752
0.026427
0.026427
0.027238
0.025953
