357.503860
362.039942
366.869987
371.674410
376.506383
381.851529
388.019054
395.091793
403.732610
414.393698
426.094813
440.155529
456.171405
473.889069
494.510638
515.615349
536.334171
553.432226
568.554367
576.725082
573.733292
557.368169
527.617866
480.630469
420.566917
351.453699
279.865813
212.293306
153.232496
104.374060
68.652666
43.292428
26.777063
16.640444
10.815829
7.518046
5.504203
4.161121
3.267386
2.637859
2.084923
1.667167
1.380643
1.144536
0.912837
0.742851
0.565426
0.421889
0.343003
0.277249
0.187618
0.140140
0.145099
0.107171
0.076682
0.073192
0.054642
0.044815
0.029112
0.042336
0.034989
0.028928
0.021214
0.024795
0.020295
0.026265
0.027642
0.015245
0.027550
0.011939
0.021673
0.013775
0.018551
0.012765
0.017908
0.012581
0.019102
0.012214
0.020571
0.014510
0.007806
0.012398
0.011388
0.012306
0.010561
0.015979
0.014051
0.010285
0.011112
0.010285
0.008265
0.013775
0.006796
0.007439
0.004041
0.007255
0.005694
0.002204
0.004224
0.003031
0.007806
0.006704
0.003765
0.005786
0.003857
0.004133
0.005235
0.007163
0.002939
0.008265
0.004775
0.005602
0.002847
0.004500
0.001745
0.007439
0.005143
0.001653
0.003673
0.005051
0.001837
0.002571
0.003031
0.001653
0.002571
0.003857
0.002663
0.003490
0.002571
