384.507799
394.132321
405.229727
418.023890
432.767888
449.409520
468.612466
489.469430
512.815460
537.771241
563.679299
587.940564
606.457542
616.919554
613.943768
592.667550
553.868962
495.761190
424.283086
346.671562
271.131376
201.304950
144.147825
99.872276
68.043479
45.892221
30.394990
20.516880
13.932559
9.363506
6.327782
4.381406
3.049360
2.159361
1.471764
1.020252
0.737765
0.529054
0.430753
0.327059
0.246770
0.192124
0.162614
0.226723
0.134528
0.123334
0.109291
0.106747
0.083545
0.093009
0.089855
0.084461
0.088532
0.047115
0.065025
0.061463
0.065330
0.063499
0.061667
0.054238
0.034904
0.036939
0.038771
0.045283
0.048743
0.031342
0.045283
0.037143
0.031546
0.039483
0.037753
0.022794
0.027781
0.032970
0.034293
0.029816
0.025949
0.031241
0.020454
0.033988
0.032258
0.038058
0.032055
0.028289
0.028595
0.034192
0.025847
0.023303
0.024626
0.022591
0.023608
0.023710
0.021573
0.019233
0.023914
0.024524
0.019538
0.112751
0.012822
0.025847
0.018113
0.015773
0.016587
0.020963
0.021980
0.014450
0.022184
0.011499
0.019233
0.012618
0.012720
0.016078
0.018113
0.015569
0.008650
0.006614
0.006513
0.012822
0.011092
0.007327
0.012924
0.007225
0.009057
0.007530
0.007021
0.012517
0.010990
0.010481
0.007021
