351.995095
359.571835
367.633951
376.472740
387.117622
398.050960
410.268283
423.837588
438.636366
453.321087
468.338794
482.389612
495.796033
506.201506
514.129743
515.604672
511.518190
501.676145
485.436983
466.356771
444.707349
420.744012
395.588736
369.408486
341.803595
311.293956
281.077803
248.488556
216.864085
185.828842
158.365919
133.185426
110.947505
91.285061
75.100704
60.189109
47.689233
37.548384
29.393931
22.660038
17.873259
13.848943
10.717615
8.330530
6.340563
4.790277
3.514745
2.651855
1.869279
1.264308
0.908731
0.693737
0.525751
0.382033
0.364833
0.268268
0.222063
0.177534
0.206831
0.176368
0.155160
0.143062
0.113036
0.122073
0.093868
0.080094
0.088840
0.083155
0.056190
0.078345
0.057429
0.058595
0.054732
0.053056
0.054587
0.048538
0.041760
0.046424
0.045477
0.045404
0.044894
0.044092
0.047590
0.049995
0.045914
0.051598
0.042343
0.045185
0.044602
0.041906
0.041978
0.035201
0.042707
0.048975
0.026892
0.035128
0.032140
0.030026
0.035638
0.022738
0.037096
0.082499
0.020989
0.019823
0.022520
0.020771
0.027111
0.036658
0.026892
0.032504
0.013774
0.021645
0.015961
0.017564
0.016981
0.017637
0.009037
0.010349
0.016762
0.009693
0.011369
0.015450
0.008308
0.014357
0.011005
0.013628
0.013774
0.009037
0.011952
