401.549450
413.469068
427.415882
443.157266
461.693657
482.619770
505.481628
530.546439
557.102396
580.940429
599.720627
611.152545
608.486583
593.576930
563.459704
520.770929
468.131660
406.582164
341.027574
275.193216
214.910846
163.084210
121.035837
88.202322
62.835118
44.148176
30.358452
20.592147
13.927285
9.039013
6.060076
4.126826
2.883014
1.974975
1.381889
0.987702
0.745272
0.547749
0.416812
0.323728
0.212492
0.186684
0.150723
0.133259
0.106418
0.088868
0.095579
0.084739
0.073727
0.058672
0.076308
0.055747
0.064178
0.055661
0.052822
0.048607
0.051532
0.027013
0.030282
0.036562
0.028906
0.035014
0.032175
0.032519
0.028820
0.046886
0.030540
0.042326
0.022884
0.046714
0.027443
0.028648
0.025035
0.024432
0.014969
0.029336
0.035530
0.022196
0.025035
0.021937
0.027529
0.030885
0.025293
0.033723
0.023744
0.022970
0.027099
0.021851
0.022970
0.018324
0.017464
0.010410
0.013249
0.024002
0.024088
0.016346
0.015485
0.019443
0.011786
0.011184
0.018840
0.010151
0.013249
0.013421
0.013335
0.009377
0.020905
0.015055
0.008001
0.009893
0.010926
0.015313
0.004646
0.009377
0.007054
0.015571
0.005592
0.013765
0.006366
0.006280
0.006882
0.007829
0.007054
0.005420
0.010065
0.009205
0.005334
0.009807
0.012388
