314.527359
318.751750
323.848248
328.751517
334.656594
340.846700
347.374991
354.479646
362.145343
370.583210
379.818808
389.090814
399.760713
409.377954
420.644964
432.470372
444.556334
456.812947
468.773277
480.618753
490.354644
496.904156
500.267153
499.171037
492.634881
481.815010
464.759674
445.582617
420.624963
393.473585
363.778975
332.853734
298.716214
265.687693
232.088502
199.027166
168.763378
141.173336
116.617124
94.790932
76.562256
60.969901
48.186959
37.508924
28.911660
22.803252
18.061346
14.697129
12.191594
10.493416
9.157357
8.152634
7.424873
6.764369
6.202649
5.715441
5.038123
4.730855
4.239240
3.955634
3.646128
3.238517
3.072611
2.795582
2.570487
2.317934
2.205115
1.948155
1.694720
1.669227
1.460268
1.284600
1.237343
1.057403
0.954754
0.877056
0.740982
0.650673
0.612637
0.543482
0.459410
0.400764
0.363813
0.320218
0.309370
0.277775
0.245163
0.214721
0.217569
0.213704
0.179872
0.175669
0.137023
0.134514
0.134243
0.104954
0.116615
0.097292
0.121768
0.082987
0.103462
0.100208
0.109293
0.136209
0.105632
0.080139
0.094174
0.089902
0.072003
0.076410
0.092343
0.131531
0.071732
0.070444
0.066783
0.062308
0.075258
0.061901
0.053765
0.049629
0.049426
0.053426
0.044341
0.051867
0.046104
0.051324
0.049290
0.045833
0.053969
