349.579147
357.031052
365.358702
374.654456
385.171161
395.548793
407.843507
419.433937
431.533871
443.268099
453.623556
463.415021
471.285443
478.652151
483.405038
486.133090
485.974508
479.847117
470.668947
455.581255
436.801064
414.950586
391.665097
364.905665
340.033366
310.992441
283.752462
255.475642
227.271749
199.514950
172.797583
147.853118
125.751926
107.350549
90.992373
77.211058
64.758448
53.461330
43.496346
34.448715
26.067646
19.125398
13.563522
9.602554
6.619445
4.677063
3.375944
2.416603
1.817787
1.385935
1.129125
1.039584
0.842595
0.738805
0.663057
0.613753
0.536633
0.483519
0.415697
0.383005
0.336901
0.348865
0.303295
0.288206
0.235854
0.249266
0.487405
0.213221
0.197142
0.179691
0.245074
0.168336
0.142960
0.162621
0.121318
0.112631
0.114917
0.102953
0.119260
0.104248
0.089922
0.107525
0.087788
0.099295
0.094418
0.080701
0.076052
0.082835
0.075290
0.074681
0.080167
0.072623
0.068584
0.061802
0.059363
0.066679
0.060659
0.054258
0.062412
0.056620
0.062716
0.065231
0.056620
0.046713
0.057763
0.053572
0.052581
0.040236
0.033530
0.053877
0.049304
0.051972
0.049228
0.038255
0.042675
0.037645
0.039322
0.047399
0.046028
0.046409
0.043437
0.043818
0.037645
0.044199
0.033606
0.033454
0.040084
0.033911
0.038255
