354.774222
359.859591
366.282142
372.920813
380.351350
389.381110
398.522423
410.330630
423.782321
438.570156
455.200722
474.417473
495.168991
518.157721
539.951598
561.616978
581.800151
594.756183
598.982741
593.748127
573.237972
540.859858
493.828490
432.283917
364.802839
293.745917
225.879488
165.305486
116.046728
78.749225
51.906771
33.210715
21.049246
13.407153
8.167214
5.238625
3.396862
2.139490
1.464710
0.986616
0.663438
0.507762
0.393443
0.289774
0.257062
0.203395
0.149313
0.111138
0.130087
0.092673
0.089906
0.081469
0.061551
0.075175
0.050970
0.063211
0.053805
0.061897
0.051731
0.040665
0.053598
0.054774
0.035824
0.036447
0.029877
0.035409
0.031329
0.024206
0.028839
0.028424
0.032159
0.025520
0.030153
0.028908
0.024897
0.018811
0.021647
0.021439
0.017359
0.011204
0.021785
0.009890
0.020194
0.013901
0.017151
0.023583
0.015353
0.015630
0.018742
0.019019
0.018949
0.017912
0.016736
0.013486
0.015353
0.010581
0.011135
0.011826
0.007538
0.011135
0.012379
0.006570
0.013348
0.003320
0.007123
0.005809
0.003735
0.009267
0.006155
0.007262
0.006086
0.011411
0.005602
0.007746
0.009267
0.008299
0.003250
0.003112
0.003389
0.007400
0.005740
0.002974
0.007469
0.002006
0.005256
0.002351
0.005187
0.008092
0.004219
