327.722223
333.511765
339.446583
346.490077
353.411632
361.694282
370.549496
379.621415
389.697356
399.412392
411.011384
421.675897
432.058197
443.366434
453.613613
463.157613
472.848033
479.566673
485.391188
487.992379
485.923600
479.820839
469.231251
453.958241
435.641619
413.751866
390.105476
363.096336
335.700935
306.574658
276.989212
246.794748
216.568203
188.307666
162.104341
138.221607
117.199612
97.669930
80.573632
64.879118
50.874117
39.453359
29.606094
21.662826
15.516684
11.136124
7.980999
5.719257
4.374238
3.268051
2.522701
2.167782
1.825374
1.608400
1.459223
1.307288
1.173310
1.083387
0.995145
0.912552
0.799492
0.779786
0.693763
0.701834
0.607001
0.579627
0.513109
0.476521
0.473292
0.412424
0.356197
0.385723
0.353708
0.333800
0.307838
0.307502
0.257799
0.245760
0.222825
0.207423
0.220672
0.198746
0.166799
0.160611
0.147631
0.142788
0.125906
0.134717
0.119853
0.114338
0.119920
0.122140
0.112926
0.092345
0.107881
0.086964
0.095304
0.077346
0.083870
0.081113
0.079499
0.062617
0.075261
0.054613
0.067661
0.082861
0.046475
0.074992
0.068468
0.055555
0.073580
0.053066
0.082794
0.055286
0.060935
0.059994
0.072235
0.057035
0.047080
0.068267
0.063289
0.058178
0.062751
0.057169
0.058380
0.051116
0.049367
0.059725
0.062550
