351.130135
358.586166
366.523953
375.876493
385.068867
396.329157
408.266557
421.541840
435.415756
449.343293
464.192867
476.510086
487.287155
494.471029
500.267519
501.814023
499.868221
496.037571
488.206469
474.805441
457.306563
434.215697
404.034375
371.572745
336.658983
302.033575
269.802211
239.087955
211.172417
185.341343
160.438728
137.066280
114.740287
94.859375
78.122299
63.883296
52.078065
43.033708
35.179147
28.714553
22.702041
17.603467
13.369679
9.758750
7.072024
4.922628
3.382060
2.318359
1.610947
1.184698
0.909889
0.652115
0.570007
0.471980
0.418429
0.369904
0.305880
0.277253
0.240598
0.216720
0.212042
0.160376
0.160096
0.129934
0.126443
0.169243
0.131610
0.126164
0.120159
0.093139
0.097259
0.091184
0.092581
0.101169
0.076802
0.078896
0.086437
0.080502
0.084412
0.081689
0.073729
0.072193
0.059416
0.069680
0.053761
0.065421
0.067725
0.062279
0.046081
0.059556
0.050968
0.046570
0.049502
0.049921
0.057182
0.046011
0.046779
0.047407
0.038121
0.046709
0.042869
0.041124
0.037703
0.042520
0.040076
0.033374
0.052714
0.051666
0.022342
0.031140
0.027649
0.026462
0.026741
0.025414
0.015151
0.014522
0.016338
0.018013
0.016128
0.019270
0.023459
0.016547
0.013545
0.022482
0.021155
0.021923
0.022622
0.021295
0.012079
