340.108214
345.859005
352.413209
359.934897
368.521958
376.960837
387.405890
397.983684
410.273988
423.236314
437.181340
452.698640
467.324382
480.807927
493.226924
501.936081
505.610543
506.955862
502.857095
495.479690
485.016873
470.677299
454.756530
434.959978
411.339360
381.554739
349.599499
312.810736
277.445241
242.310975
210.333549
180.755497
154.301906
130.264778
109.326777
90.186358
73.139581
58.718458
46.772410
37.129272
30.019971
24.068009
19.348337
15.199727
11.826424
8.986781
6.614016
4.846566
3.342798
2.344583
1.661393
1.120012
0.778979
0.615583
0.462756
0.339459
0.304606
0.259335
0.225007
0.225606
0.190978
0.184383
0.162721
0.160398
0.157325
0.148855
0.137463
0.109505
0.112503
0.114302
0.093615
0.131391
0.087020
0.075852
0.076601
0.092866
0.074952
0.067757
0.081623
0.063485
0.064084
0.065283
0.062810
0.056139
0.052242
0.054640
0.061386
0.050143
0.057863
0.055615
0.041449
0.051342
0.045646
0.041823
0.054715
0.035827
0.040924
0.041898
0.039800
0.042723
0.045571
0.030431
0.043547
0.031780
0.044747
0.034478
0.031030
0.035902
0.030131
0.032529
0.029906
0.030056
0.032304
0.019338
0.023535
0.016714
0.020687
0.020312
0.017239
0.019712
0.019638
0.018138
0.023385
0.020387
0.019113
0.017989
0.022636
0.020987
0.018963
