366.594797
374.140040
382.016802
391.586321
402.439400
414.190700
428.442610
444.281024
462.899134
484.454999
508.716487
536.983180
565.901467
593.573299
617.750590
632.264524
630.520583
611.474273
568.917525
508.511819
431.797400
352.159512
275.070157
205.745209
150.777035
107.642002
76.771707
54.102826
38.837704
27.747984
19.902086
14.571014
10.546598
7.493781
5.400427
3.803242
2.651942
1.791034
1.263378
0.857579
0.614489
0.461976
0.356209
0.274093
0.192808
0.188647
0.165413
0.142040
0.131220
0.112772
0.107778
0.094531
0.096612
0.074141
0.066581
0.053473
0.065125
0.063391
0.041821
0.068176
0.046468
0.050838
0.040642
0.044457
0.043971
0.043208
0.031765
0.038007
0.047717
0.037868
0.036966
0.030378
0.023234
0.022055
0.033291
0.028574
0.036273
0.020599
0.029753
0.023373
0.033291
0.027534
0.035233
0.026078
0.017269
0.026286
0.017547
0.023026
0.023928
0.022124
0.024482
0.020807
0.017894
0.015813
0.020252
0.017061
0.019281
0.028089
0.008739
0.021015
0.010889
0.018934
0.015952
0.014357
0.026771
0.013247
0.028505
0.008739
0.026771
0.023095
0.009086
0.014149
0.009155
0.016645
0.005826
0.023511
0.012900
0.016853
0.006727
0.025870
0.011582
0.011721
0.012553
0.014981
0.006173
0.012484
0.008184
0.011028
0.008392
