396.934471
407.269802
419.454667
433.804827
450.442634
469.109428
490.429642
514.029356
539.010619
563.921202
585.084440
602.973675
608.570628
601.662353
580.670045
544.699600
494.508060
435.598239
370.186876
303.148959
239.937514
183.667836
134.745451
96.420828
65.692802
43.575868
27.978052
17.395980
10.917446
6.660327
4.012716
2.464385
1.613278
1.005367
0.651286
0.458027
0.318778
0.268993
0.209024
0.166932
0.142568
0.117977
0.103343
0.083881
0.069247
0.072566
0.067211
0.068342
0.058611
0.045184
0.058913
0.054387
0.055518
0.057857
0.048201
0.036359
0.048503
0.025949
0.037641
0.036132
0.020367
0.029494
0.025496
0.018934
0.024817
0.033718
0.023912
0.028891
0.025496
0.025195
0.022781
0.029343
0.029042
0.020744
0.026477
0.019763
0.019763
0.018858
0.023082
0.021423
0.024365
0.015464
0.023837
0.014559
0.014181
0.010033
0.009203
0.012597
0.011466
0.008901
0.010334
0.007468
0.017878
0.011013
0.012069
0.006864
0.013502
0.013729
0.010787
0.012522
0.012522
0.005959
0.008826
0.006336
0.004601
0.004451
0.011918
0.005431
0.005884
0.011089
0.006412
0.008826
0.010259
0.004224
0.006789
0.007317
0.005280
0.007166
0.008373
0.004828
0.004375
0.004451
0.005582
0.003998
0.008901
0.007166
0.004752
0.008826
0.005884
