331.874803
337.810172
343.616721
350.401111
358.046387
366.206394
375.070372
384.727383
395.771333
408.205493
420.536884
434.399854
447.897711
460.866584
473.071884
482.647812
491.488468
497.021149
499.041613
499.495788
493.758728
484.687029
470.998365
449.452476
424.412850
396.969167
366.980469
337.392140
307.778920
281.038594
252.472295
225.414592
197.214906
170.851559
145.608510
122.742650
102.666623
85.062644
71.016845
58.954685
48.778169
39.921147
32.192810
25.187403
19.466028
14.615973
10.514419
7.462515
5.080893
3.601074
2.440883
1.740799
1.222999
0.979817
0.768687
0.634481
0.571947
0.483703
0.383866
0.329788
0.273528
0.263912
0.230974
0.204515
0.183648
0.175191
0.140412
0.148596
0.135980
0.120090
0.129842
0.110202
0.099905
0.104133
0.095063
0.079651
0.091449
0.069217
0.078219
0.079310
0.077605
0.060352
0.074332
0.082447
0.066080
0.061852
0.062943
0.058715
0.059466
0.065944
0.064307
0.061170
0.058102
0.047804
0.048077
0.061443
0.055442
0.059738
0.052782
0.069558
0.040167
0.062875
0.040644
0.058374
0.047532
0.043167
0.035938
0.036893
0.031165
0.045486
0.027346
0.032529
0.029596
0.037575
0.033483
0.039826
0.027005
0.025777
0.028505
0.026050
0.026187
0.023050
0.022095
0.021754
0.019913
0.026187
0.015753
0.021754
0.020186
