391.741471
403.413981
415.874137
429.906834
446.268256
464.933561
485.675387
506.318790
527.321331
546.825944
560.987579
570.891647
571.881813
563.718681
548.640632
519.642837
486.323091
442.387104
392.198002
339.335993
285.634246
234.410451
189.605758
151.079023
119.808119
93.558961
72.455848
55.852020
42.016428
31.376377
22.943332
16.806520
12.466087
8.885879
6.489331
4.816304
3.624219
2.588839
1.866952
1.404662
1.037444
0.867502
0.600856
0.418622
0.361889
0.287792
0.252377
0.192033
0.188595
0.144412
0.151203
0.122664
0.115100
0.088194
0.089312
0.090257
0.070143
0.082779
0.088796
0.096532
0.072034
0.063094
0.066533
0.070745
0.062922
0.060000
0.038940
0.046848
0.046590
0.028367
0.034642
0.047879
0.030516
0.029570
0.037908
0.023553
0.041862
0.026733
0.037736
0.024670
0.031977
0.026905
0.032407
0.023983
0.030773
0.033524
0.023639
0.033008
0.026733
0.031977
0.027765
0.031891
0.030258
0.019685
0.016762
0.018997
0.025444
0.020974
0.037822
0.024069
0.018739
0.023983
0.020372
0.014183
0.017880
0.019341
0.015043
0.014699
0.008166
0.010143
0.012894
0.010917
0.006877
0.007908
0.007822
0.006705
0.011089
0.006791
0.008338
0.007994
0.007994
0.006189
0.006619
0.005931
0.005501
0.007049
0.006017
0.006533
0.006877
