306.664764
310.551728
315.301867
320.238763
325.474591
330.869667
336.428192
343.420020
349.977356
357.544354
364.795532
373.524791
383.222371
393.140177
404.048540
415.222520
427.484257
438.522525
448.390815
458.970979
467.724385
475.412117
478.843805
482.092328
481.312291
477.033016
467.892343
453.571013
435.404289
412.171758
386.380801
358.206484
327.539534
295.425603
262.922036
230.477003
198.521403
167.397724
138.550580
114.296925
93.911589
77.866124
64.907871
55.320251
48.222972
42.995626
39.047913
35.762864
33.265875
31.510487
29.610600
27.921997
26.622497
25.224269
23.941503
23.018877
22.053077
20.770769
19.719309
18.816399
18.060585
17.326932
16.284107
15.503306
14.656865
13.915952
13.163960
12.397678
11.408954
10.507036
9.669001
8.779081
7.781645
6.874532
6.308379
5.479590
4.865525
4.293106
3.701124
3.244244
2.872870
2.479337
2.219299
1.926480
1.607756
1.476400
1.247386
1.123213
1.021353
0.909865
0.822982
0.728686
0.680698
0.603214
0.542236
0.540325
0.470635
0.433574
0.382759
0.359300
0.317119
0.281892
0.244908
0.235279
0.227103
0.196079
0.207312
0.203491
0.176975
0.155656
0.158712
0.143353
0.153593
0.132044
0.141825
0.132579
0.120200
0.113704
0.128911
0.117372
0.116226
0.113322
0.119665
0.114010
0.107362
0.108126
0.107133
0.091239
0.088411
