317.049963
321.827360
327.301058
333.047508
338.431603
345.430597
352.620299
359.877554
368.047177
376.886285
386.659939
396.641588
406.587777
417.573304
428.597405
437.739068
447.119229
454.616444
459.930063
463.124145
464.287848
464.703329
463.464067
457.550866
450.988388
438.790226
424.947171
405.091207
384.186245
362.874636
338.933765
316.326970
294.832277
272.311973
250.369516
225.569340
199.653441
172.439815
144.151708
117.535630
93.425847
71.824519
54.453879
41.124805
30.598672
23.250034
17.878140
14.059311
11.622221
9.668545
8.436273
7.544876
6.649095
5.990603
5.150681
4.586051
4.006805
3.576009
3.116870
2.717276
2.413133
2.023770
1.734433
1.561708
1.460348
1.242948
1.076641
1.005403
0.939757
0.838842
0.834775
0.709457
0.667451
0.649976
0.606826
0.566790
0.496633
0.459330
0.468798
0.388727
0.357461
0.315583
0.315900
0.293531
0.263473
0.240214
0.247840
0.210219
0.182512
0.163066
0.155186
0.153152
0.131164
0.133262
0.126335
0.137392
0.120870
0.126780
0.103902
0.111083
0.093035
0.093988
0.089413
0.101805
0.077339
0.063993
0.057512
0.066281
0.068569
0.052301
0.076830
0.053000
0.055732
0.050203
0.056876
0.050902
0.058910
0.059354
0.056940
0.054588
0.039337
0.044738
0.044865
0.041688
0.057130
0.047661
0.044421
0.047852
0.040099
