348.981217
356.099764
363.791102
373.025056
382.109068
392.784707
404.464057
417.725509
432.988856
448.751187
466.976875
485.986597
504.288492
518.806419
526.974707
527.710456
518.391642
498.697945
473.015722
441.826649
408.605211
376.196676
345.773820
316.186409
290.601118
268.887055
251.153369
236.474738
223.354648
208.575086
192.802939
174.869791
155.494012
136.118234
115.747107
98.218846
82.430265
67.849438
54.840459
43.209029
33.222892
24.851578
17.871993
12.540391
8.635203
6.007942
4.314293
3.195398
2.569597
2.181870
1.970919
1.778219
1.532727
1.360606
1.207682
1.107187
1.032362
0.899653
0.833990
0.774653
0.677649
0.633437
0.604786
0.490330
0.456807
0.439065
0.384527
0.334861
0.339879
0.296976
0.276542
0.215533
0.208770
0.163613
0.199390
0.139253
0.135981
0.113366
0.086897
0.093732
0.064718
0.069081
0.064573
0.077807
0.056210
0.041012
0.041594
0.041521
0.036140
0.038322
0.041012
0.034904
0.037013
0.033668
0.032141
0.022979
0.021597
0.013962
0.026396
0.022179
0.016652
0.016507
0.014325
0.013671
0.020652
0.015780
0.060791
0.010980
0.016216
0.008726
0.016798
0.018906
0.014253
0.012362
0.010399
0.010035
0.008362
0.012289
0.008144
0.012725
0.008217
0.010108
0.009744
0.013162
0.010544
0.008871
0.009380
0.010399
0.010035
