363.176021
371.692293
380.537827
390.425856
401.534602
412.242824
425.803769
439.563579
455.195956
472.934646
492.633719
511.759017
529.408460
542.537609
545.172664
538.169719
515.298607
481.128808
438.609242
391.541179
348.983666
309.074152
278.607654
251.995089
230.704819
212.870750
198.202521
184.625020
171.976105
157.962449
143.365891
127.175001
110.320680
94.078354
78.167334
64.626077
52.368353
42.652347
34.609906
28.055925
22.762448
17.975775
14.759521
11.827565
9.854578
8.342681
7.178170
6.359680
5.698362
5.232434
4.950112
4.577792
4.345817
4.058248
3.749288
3.426293
3.271370
3.123873
2.867167
2.701684
2.521417
2.395040
2.195901
2.054263
1.926592
1.781343
1.651559
1.559586
1.429598
1.298996
1.225282
1.138282
1.012927
0.901129
0.815288
0.695927
0.605590
0.523427
0.416739
0.356650
0.304123
0.215693
0.191644
0.168481
0.149745
0.098786
0.104917
0.064245
0.045305
0.035631
0.034132
0.036108
0.033723
0.029976
0.026025
0.024458
0.013830
0.022073
0.015193
0.028205
0.014716
0.018326
0.022073
0.019485
0.014102
0.019348
0.025889
0.016283
0.023572
0.022210
0.013898
0.018054
0.022005
0.013149
0.013694
0.012467
0.017305
0.013966
0.016691
0.010492
0.014034
0.014988
0.016283
0.015397
0.013149
0.013421
0.009947
0.011309
0.016214
