329.055694
335.752177
341.886891
349.433122
356.816248
364.476335
372.681830
380.322885
389.597827
397.729867
406.943207
416.484926
427.367879
437.653671
450.650310
463.516732
475.689332
485.541402
493.408834
495.209666
489.683298
476.521718
455.185528
427.991417
394.962927
361.357141
327.595096
296.073447
266.983180
240.962190
217.250711
195.409514
173.895193
155.756326
138.415789
124.154377
112.041543
101.163098
91.763782
83.564464
75.467149
67.421253
60.286541
53.365851
46.834477
41.137325
35.802610
31.819311
28.579417
25.533679
23.595118
21.600130
19.834357
18.513825
17.178602
16.006817
14.855734
13.945051
13.110662
12.620346
11.858744
11.119013
10.290967
9.835375
9.239550
8.595645
8.193141
7.786631
7.393143
6.792142
6.406834
6.033045
5.590975
5.376952
5.056252
4.756085
4.418690
4.180961
3.944734
3.681797
3.473617
3.195153
3.001330
2.760930
2.570112
2.327709
2.122534
2.005673
1.899830
1.725039
1.573453
1.445740
1.378462
1.267944
1.129046
1.075791
1.009180
0.902002
0.878796
0.782302
0.749414
0.682470
0.639398
0.555091
0.520366
0.482136
0.419365
0.359265
0.339398
0.280634
0.252754
0.221536
0.200667
0.156594
0.124207
0.119866
0.102170
0.075960
0.050584
0.064107
0.051085
0.062103
0.051419
0.050250
0.045409
0.022371
0.039900
0.031052
0.032220
