347.559007
354.942303
363.409334
372.135315
382.049132
392.724008
402.731759
413.909611
424.520975
434.013206
443.348136
450.419568
457.086427
462.641506
467.301726
472.058187
476.139808
481.154425
481.734753
481.377184
470.778147
455.095647
429.509279
396.205620
355.634516
311.500770
268.509442
229.762372
196.815562
169.480782
147.699856
130.924391
117.612372
105.961822
96.517171
88.322497
80.957585
74.455813
67.757810
62.721710
57.446559
53.234886
49.535489
45.585217
42.471266
39.848253
37.486063
35.313182
33.430106
31.676287
29.672315
28.085098
26.706511
25.168892
23.995475
22.795528
21.829587
20.908775
19.853658
18.851095
17.896256
16.659543
15.743561
14.871266
14.076828
13.150465
12.265337
11.644350
10.907584
10.121293
9.542839
8.874415
8.295024
7.626168
7.100051
6.552019
6.099579
5.662855
5.017284
4.536657
4.008521
3.548151
3.017998
2.510769
2.192850
1.832109
1.481749
1.198793
0.953397
0.762574
0.600947
0.498362
0.387198
0.310782
0.241215
0.180515
0.158383
0.103089
0.088167
0.067981
0.057528
0.033234
0.032008
0.018095
0.025592
0.015932
0.014779
0.018167
0.005335
0.023357
0.014490
0.011246
0.004181
0.006488
0.008723
0.006056
0.011246
0.011318
0.009083
0.013481
0.009804
0.013697
0.009876
0.014706
0.006128
0.008363
0.007065
0.006128
0.006200
