307.022390
311.425530
315.964633
321.302739
326.402315
331.630336
336.862789
342.859898
349.336202
356.063381
363.446161
372.020084
380.266286
388.500301
395.359883
403.371750
408.697114
413.690088
418.166512
419.982074
422.319172
422.659159
421.774685
419.863205
416.292861
411.359875
403.381643
392.463657
380.133489
364.108567
349.258328
332.824962
317.572847
301.105134
284.951293
268.057646
247.956989
227.484608
207.572860
186.818897
166.872643
148.665027
132.966164
119.118318
107.580425
97.950372
88.293332
78.619198
69.014391
59.538029
50.860352
43.130463
36.582694
31.367257
27.336869
23.956066
21.284995
19.033843
16.980781
15.416806
13.994256
13.010618
12.025398
11.259318
10.484058
9.759369
9.255164
8.685907
8.210273
7.603344
6.974652
6.604512
6.192506
5.755651
5.417800
4.962663
4.654965
4.285774
3.994617
3.717783
3.439604
3.204715
3.089408
2.812416
2.551410
2.415605
2.291513
2.105929
1.970203
1.927388
1.778129
1.659101
1.625071
1.562550
1.431652
1.392477
1.310171
1.209583
1.139069
1.100607
1.047504
0.958391
0.962348
0.873315
0.824169
0.748986
0.683774
0.572028
0.544487
0.465504
0.419840
0.417862
0.317274
0.278891
0.233306
0.185189
0.156461
0.120294
0.097264
0.084522
0.065053
0.059197
0.044714
0.051441
0.033872
0.040045
0.031498
0.024059
0.021051
