306.506127
310.972119
316.222791
321.049680
326.873956
332.858497
338.723683
345.889813
353.127970
361.334464
369.847888
379.261322
389.826098
400.463119
411.969140
424.228180
435.749433
448.334770
456.985937
463.672577
463.600986
456.436488
446.627124
431.060941
413.335801
393.469113
372.385802
349.427072
326.817161
302.994218
278.835838
254.901808
232.787490
212.827558
196.772964
181.753075
170.374243
159.698598
149.295502
139.883265
131.053227
122.368548
114.642850
107.280985
100.622416
95.127592
89.471524
84.811537
80.961908
77.408437
73.787509
70.139380
67.293339
64.313690
61.374297
58.692764
55.940728
53.915598
51.151594
49.317846
47.066082
45.208071
43.450920
41.596391
39.686156
38.260089
36.729572
34.973835
33.764284
32.368029
31.013881
29.935218
28.283496
27.269680
26.203421
25.116272
23.881153
22.646468
21.807170
20.748745
19.708707
18.827629
18.144571
16.920985
16.232595
15.418212
14.724600
13.981809
13.254251
12.672052
12.103018
11.618958
10.814585
10.360772
9.489051
8.988345
8.462831
7.805233
7.164063
6.499066
5.816007
5.366764
4.930468
4.424648
4.038401
3.590790
3.284513
2.994120
2.527360
2.272655
1.958979
1.632573
1.520289
1.189858
1.032313
0.815362
0.700140
0.600913
0.522793
0.428244
0.380154
0.270373
0.248068
0.184202
0.166685
0.146883
0.116636
0.098031
0.076379
