318.680226
323.255851
328.532431
334.513442
340.771179
347.338575
354.494133
362.480607
371.069823
380.006962
389.612120
400.153363
411.581474
422.824632
435.142349
447.000091
457.437275
466.076596
471.122855
472.784095
470.238207
464.757877
457.001872
448.086122
441.157998
431.018706
421.999045
411.008188
397.293301
381.620761
363.255275
340.995356
317.076418
290.764571
260.314723
229.338291
198.545922
168.238914
140.413331
115.939462
94.697483
77.229967
61.643280
48.418416
37.066980
27.911732
20.542357
15.038640
11.138730
8.473167
6.630676
5.516447
4.647194
4.286245
3.827083
3.513131
3.234481
2.936515
2.740683
2.504812
2.386691
2.228975
2.061119
1.897629
1.698245
1.618314
1.507742
1.438024
1.222432
1.237752
1.099944
1.088843
0.942524
0.897970
0.871474
0.825883
0.710205
0.697771
0.647296
0.560704
0.469597
0.438956
0.402765
0.325350
0.287457
0.248749
0.190429
0.167264
0.125818
0.118195
0.091699
0.067202
0.061059
0.043518
0.038633
0.054546
0.034785
0.033823
0.026718
0.024868
0.030566
0.023313
0.033453
0.017318
0.029012
0.017170
0.036561
0.025682
0.023757
0.020797
0.015986
0.019465
0.024349
0.028050
0.017911
0.016504
0.012508
0.019539
0.016948
0.010806
0.014210
0.017318
0.013692
0.010732
0.012582
0.012656
0.014728
0.012656
0.012804
