299.959124
304.169555
308.584893
313.538696
318.733120
324.110875
330.687915
336.652715
344.665172
352.235452
361.183791
370.091859
379.150424
388.157930
393.768466
400.385978
402.610599
402.409445
400.344099
395.350761
390.933145
384.376207
378.392109
371.503622
364.385638
356.095237
348.639941
341.336548
333.197918
326.228487
317.795228
308.622751
299.352646
287.465796
274.810313
258.910233
240.763553
221.628323
202.340519
183.659796
166.682650
151.345292
138.381042
128.504258
120.088756
113.411742
107.751085
102.571872
98.335375
94.279662
90.498810
87.491283
83.916812
81.182404
78.149883
75.644369
73.107362
70.364176
68.288578
65.863606
63.962962
61.570489
60.080863
57.468340
55.798936
53.623430
52.165231
50.040650
48.106034
46.218121
44.606342
42.450469
40.571334
38.721548
37.182204
35.786656
33.660735
32.175063
30.637863
29.441325
27.815475
26.386692
25.125425
24.085013
22.719752
21.717399
20.784733
19.814610
19.090804
18.105739
17.453697
16.629314
15.830192
14.964131
14.324284
13.600344
12.866554
12.041233
11.513757
10.820506
10.396018
9.765418
9.184270
8.537923
8.012457
7.338571
6.713801
5.937528
5.259689
4.647248
3.968604
3.298202
2.825403
2.262614
1.820772
1.451365
1.200559
0.940975
0.809173
0.626847
0.504627
0.396545
0.280289
0.205844
0.140178
0.118937
0.086305
0.072836
0.050523
