335.813900
342.518516
348.754509
357.031273
365.063291
373.531950
381.925700
390.798849
400.004972
409.735624
419.124989
429.575036
440.288323
452.636620
464.403802
477.548183
489.109813
498.685134
505.721622
507.178904
502.460171
485.380671
462.436158
429.682181
393.655641
355.867942
317.856026
283.228910
249.437751
217.435236
187.128132
158.785873
133.405092
110.689122
92.202986
77.367859
66.150742
57.605732
51.053987
45.711553
41.333768
36.821183
33.128435
29.510595
26.454613
23.940382
21.644938
19.829486
18.050513
16.602902
15.643681
14.265550
13.221410
12.333621
11.459743
10.686225
10.015950
9.403871
8.806978
8.325968
7.756646
7.239581
6.751530
6.228697
5.897589
5.507691
5.214249
4.753176
4.555851
4.287945
3.964981
3.737710
3.497460
3.290549
3.154814
2.930682
2.716900
2.512535
2.367383
2.231733
2.062659
1.890954
1.835049
1.643493
1.500378
1.360656
1.305683
1.195993
1.091986
1.020895
0.935721
0.889317
0.820941
0.741960
0.656617
0.590701
0.560245
0.563469
0.468030
0.422898
0.378445
0.362157
0.299125
0.246528
0.229137
0.209625
0.194949
0.158725
0.157028
0.123349
0.128015
0.100953
0.074993
0.064728
0.060147
0.055312
0.043265
0.036309
0.034612
0.031728
0.030031
0.033340
0.030371
0.020784
0.018748
0.014422
0.020360
0.015440
0.012386
