319.507280
325.515596
331.090142
337.526202
344.400418
350.313285
357.535870
362.430301
367.228643
370.303498
373.652920
374.976522
377.303489
379.193122
382.791536
385.748106
388.714267
389.987267
389.803035
387.499269
382.267795
376.469193
371.001972
364.053040
358.461688
352.018595
345.101632
335.758325
325.401239
312.751257
300.378581
288.122729
276.393723
265.564321
251.982675
238.734418
222.711357
207.419925
193.213151
182.400190
173.680641
167.269882
162.099879
157.782897
152.477347
146.269453
138.717771
130.142173
121.835022
113.251203
105.213503
96.390284
87.574736
78.143926
68.445855
58.417684
48.924306
40.087476
33.072323
27.302128
22.343942
18.530241
14.781665
11.367575
8.916843
6.347278
4.444035
3.093580
2.026277
1.372834
0.966190
0.727520
0.571420
0.473687
0.434868
0.387097
0.348734
0.271279
0.268447
0.291282
0.207432
0.183319
0.178843
0.166603
0.132534
0.139750
0.114266
0.086773
0.083210
0.072250
0.058275
0.062476
0.045761
0.048136
0.051059
0.059645
0.045670
0.047497
0.048593
0.072980
0.039641
0.047314
0.048684
0.044482
0.038545
0.037815
0.033796
0.048867
0.022470
0.031695
0.030507
0.019821
0.035622
0.027402
0.024296
0.023840
0.021830
0.024296
0.029959
0.025027
0.021099
0.024022
0.021008
0.014523
0.015710
0.017811
0.018359
0.020369
0.014340
