298.904309
302.463752
306.503128
310.272829
314.707497
319.369191
324.357791
330.075295
336.028794
342.359867
350.338011
358.113115
367.103326
376.161267
386.472153
395.976273
405.262187
414.671020
422.938086
430.539676
436.936072
442.789472
447.179594
448.431811
447.498117
440.809954
432.514382
419.002308
404.381494
390.274297
375.299238
360.858500
348.285880
334.642796
319.837168
303.516428
284.827805
266.481981
247.542419
229.004272
213.689403
199.993900
187.022052
174.981712
162.954496
150.962565
138.967791
127.395501
116.862109
108.713221
101.353457
94.909600
89.315451
83.593863
77.955169
71.861693
66.437923
61.047616
56.998835
53.134941
49.764395
46.123590
43.009160
39.356326
36.237522
32.470737
29.122500
25.798104
23.108855
20.364856
18.114569
15.838109
13.890013
12.349603
10.775000
9.620840
8.489646
7.188582
6.405582
5.715463
5.063328
4.408057
3.856385
3.410206
3.040869
2.647546
2.362852
2.081147
1.902165
1.720413
1.525902
1.419899
1.221305
1.086722
0.917583
0.864289
0.751797
0.629389
0.547663
0.445158
0.355777
0.238254
0.221923
0.148653
0.128094
0.114753
0.071811
0.064011
0.040098
0.031276
0.027121
0.022601
0.018737
0.018080
0.012904
0.017570
0.017278
0.040681
0.007801
0.011665
0.022382
0.016768
0.013487
0.016841
0.009915
0.013269
0.014800
0.012831
0.017935
