334.868850
340.633303
345.974403
350.861498
355.939947
361.300796
366.297541
371.567016
377.663040
384.367379
390.358179
396.896897
401.082090
403.723424
406.627737
406.755825
405.789797
403.445695
401.223618
396.775201
390.701386
384.892597
376.787976
367.623412
356.515565
344.215097
329.705418
312.610295
293.184347
272.370655
251.819449
231.861234
215.605362
201.120678
189.949483
179.906496
170.335213
161.309145
152.250706
142.763095
132.938832
123.523255
114.770900
106.828950
99.287408
91.965984
83.398426
73.255952
62.604321
52.305813
42.895890
34.788482
28.500695
23.180821
18.968011
15.264685
12.089364
9.326498
6.918721
5.097380
3.631947
2.513738
1.848877
1.436995
1.119439
0.955948
0.940460
0.770003
0.682645
0.638801
0.557916
0.525874
0.488095
0.446792
0.440974
0.383854
0.338618
0.361154
0.338126
0.291906
0.262404
0.244703
0.250603
0.208071
0.197910
0.195451
0.178979
0.161114
0.158819
0.139315
0.140217
0.128662
0.136447
0.103995
0.130792
0.103667
0.091210
0.092522
0.084900
0.095718
0.078672
0.077771
0.073919
0.067691
0.080475
0.063184
0.071051
0.072116
0.052694
0.058594
0.053268
0.054661
0.058103
0.053759
0.032042
0.035321
0.047613
0.034993
0.038189
0.027453
0.030977
0.035566
0.031469
0.030158
0.020324
0.026880
0.026716
0.024995
0.031059
