353.183313
356.659196
358.411878
359.519737
359.795744
358.650816
357.118672
356.274330
353.509620
352.000711
351.020985
350.702804
351.124538
353.127306
357.034862
360.891850
367.107999
373.948555
378.901918
381.263697
380.833703
372.084597
359.572453
341.399736
320.098998
297.531313
273.930982
252.583908
232.363093
214.080912
198.084894
184.130459
170.663302
159.265194
149.660062
141.830713
134.911316
128.090167
121.797798
116.031723
109.282901
102.930159
96.970745
91.172704
86.048498
80.692406
75.069103
68.467082
62.022874
55.964272
49.004246
42.710870
37.048886
32.074503
27.241818
23.476631
20.111352
17.726808
15.819602
14.174502
12.988945
12.074897
11.107124
10.456458
9.703447
9.297428
8.716603
8.085143
7.638158
7.185197
6.722028
6.479262
5.961362
5.651441
5.301294
4.988821
4.731012
4.578503
4.271335
4.093509
3.876866
3.613819
3.346811
3.074429
2.939179
2.702188
2.560088
2.389648
2.240900
2.066699
2.068848
1.858518
1.757316
1.628109
1.501320
1.369360
1.307108
1.194556
1.152651
1.042584
0.996515
0.891484
0.833798
0.706472
0.657113
0.588749
0.541606
0.471698
0.455715
0.399775
0.355519
0.311398
0.315361
0.267680
0.233431
0.199787
0.202540
0.183266
0.156069
0.136056
0.120476
0.086697
0.082131
0.086832
0.068162
0.064872
0.057955
0.049695
0.048083
