330.046818
335.749131
342.134952
349.011003
356.542506
364.084787
372.569317
381.078075
390.662685
400.238477
408.919848
416.669301
421.180151
423.969138
423.045859
418.549260
411.184759
402.425810
393.381397
386.715012
381.735041
378.605457
376.270272
373.234567
369.629182
360.612202
348.876600
333.191810
314.402999
295.622294
277.814389
260.490302
246.542339
232.925708
219.642192
205.973101
191.624153
176.541819
160.679695
146.372876
133.553583
121.631383
111.573198
102.703715
95.496152
89.236719
83.687603
79.101223
74.656283
71.077352
67.458963
64.029934
60.958690
57.677602
55.011084
52.074511
49.167063
46.265494
44.147457
41.596549
39.155996
37.096298
34.771444
33.000772
31.449029
29.607013
28.066136
26.345075
25.215336
23.678645
22.158610
20.937131
19.998265
18.809653
17.683387
16.733299
15.888310
14.900190
13.874393
13.023170
12.169809
11.393047
10.557856
9.593161
8.751824
7.896504
7.072357
6.214365
5.370802
4.531158
3.814160
3.211793
2.567920
2.122224
1.689709
1.252296
0.927554
0.695087
0.505016
0.340774
0.237633
0.213585
0.089513
0.077400
0.044623
0.024227
0.028947
0.018882
0.011757
0.017012
0.014785
0.016923
0.005968
0.020129
0.010777
0.012113
0.003652
0.007304
0.013004
0.004097
0.011044
0.004632
0.013806
0.005255
0.017012
0.006413
0.006324
0.014340
0.008194
