284.832142
288.895614
293.080393
297.329470
301.413876
305.292119
309.673249
314.082229
318.409528
321.759650
326.852636
331.439089
335.850125
341.356560
345.627972
350.266854
353.500997
355.338812
353.881644
348.843798
340.763114
329.824354
317.739448
302.864222
287.783767
273.300122
259.865336
249.298718
240.022169
232.932774
226.697101
220.905063
216.265621
211.854678
208.183908
204.962662
201.557308
198.399705
195.538359
192.686171
190.236592
187.484216
184.639598
182.027780
179.859691
177.620108
174.793247
171.891995
169.026256
166.252945
163.431224
160.924544
158.214409
155.480631
151.819861
149.071129
145.806800
142.925827
139.949530
136.462214
133.404330
130.362333
127.319307
124.239928
121.300919
118.881621
115.767195
113.469576
110.875514
108.205566
106.142428
104.455732
102.310446
100.432913
98.909297
96.646164
94.947131
93.604634
91.752894
90.199466
88.694075
87.194945
85.764038
84.373972
82.935402
81.879160
80.583952
79.181269
77.587374
76.104973
73.774084
71.418429
69.013522
66.311518
62.375426
57.929251
53.090466
47.940099
42.320581
36.978162
31.645929
26.763033
22.667972
19.332242
16.432205
13.756088
11.651924
9.892799
7.994518
6.232963
4.823832
3.253769
2.173790
1.288667
0.719519
0.426814
0.223547
0.127848
0.089624
0.070933
0.051775
0.052803
0.045420
0.044579
0.048036
0.041495
0.035140
0.045887
0.044205
