336.662765
342.999847
350.268463
357.957299
366.147263
375.927889
386.071922
396.803575
408.340796
419.597577
429.397989
439.193602
445.087054
449.175718
451.546185
453.104522
454.231082
456.676288
457.552185
460.514387
460.152059
458.078292
452.359686
440.110150
423.492000
401.508365
373.681235
342.646628
308.243704
273.564454
238.209132
206.435076
177.163136
152.127868
129.214070
109.404016
91.264751
75.493308
61.537525
49.486442
39.997716
32.502730
27.204638
22.458805
19.062181
16.425085
14.074992
12.047753
10.144228
8.618411
7.313969
5.995911
5.231974
4.504769
3.828696
3.431202
3.045267
2.748469
2.437467
2.010881
1.826239
1.638757
1.471845
1.378201
1.207959
1.105206
1.010485
0.984038
0.914589
0.842691
0.675681
0.605840
0.546677
0.534726
0.515528
0.439614
0.389952
0.399551
0.348811
0.293762
0.283183
0.244197
0.227545
0.197376
0.195417
0.173475
0.159272
0.162896
0.148987
0.147224
0.127143
0.111960
0.100304
0.090411
0.081497
0.091684
0.074444
0.066804
0.066804
0.046234
0.054364
0.057303
0.036439
0.047605
0.049368
0.052895
0.029680
0.047997
0.045254
0.033892
0.034088
0.029288
0.024880
0.029484
0.023313
0.018121
0.020864
0.020668
0.021942
0.020668
0.020668
0.019101
0.017925
0.016750
0.018611
0.032618
0.015868
0.019689
0.017436
