335.147392
341.049015
348.310437
356.188750
364.134920
373.124647
383.771381
393.489407
404.498674
414.561251
423.860688
432.894108
438.156783
443.001782
446.687882
450.011518
453.947618
458.492110
462.776977
465.817596
468.232755
468.160333
465.200425
457.007134
445.154436
426.168654
400.378321
367.980545
330.600723
292.451087
254.851328
219.096831
184.902332
154.931657
127.473922
102.607239
81.002096
61.317939
44.759327
32.024775
22.670618
16.245952
12.221834
9.585825
7.811791
6.534669
5.612214
4.794915
4.231551
3.629061
3.126740
2.783242
2.414878
2.132915
1.932928
1.744040
1.559787
1.448168
1.288642
1.139021
1.091465
0.971065
0.925687
0.803742
0.767987
0.711370
0.632134
0.554724
0.520514
0.466215
0.554372
0.396954
0.334225
0.336122
0.305284
0.295099
0.276765
0.260960
0.198582
0.176877
0.171046
0.146180
0.133395
0.124685
0.118363
0.110074
0.091178
0.101082
0.091599
0.083029
0.073125
0.059568
0.078464
0.064063
0.050436
0.056969
0.050155
0.052473
0.046221
0.044605
0.040040
0.048118
0.036176
0.036527
0.040883
0.029362
0.063150
0.027887
0.026763
0.018755
0.031329
0.019809
0.023181
0.025148
0.021635
0.028379
0.021635
0.027887
0.021565
0.021495
0.027606
0.020301
0.020020
0.015875
0.018193
0.020160
0.011661
0.012152
0.015032
