302.573512
306.374324
310.075866
314.132935
318.737817
323.691973
328.580369
334.199333
340.621698
346.415894
353.876617
360.992983
368.783691
378.273545
387.501928
398.896843
410.544067
422.542128
435.478010
447.833014
457.803433
465.175610
468.419969
466.308697
457.771261
444.566164
428.718065
411.099775
395.099159
377.716199
365.240700
353.055194
341.397469
328.205404
313.714925
295.656581
275.760350
254.096385
232.138405
210.882768
190.794401
173.719158
159.294214
147.647138
137.113117
128.230654
120.741259
113.257449
106.070186
99.616916
92.675558
87.483763
81.847001
77.144039
72.348210
68.228138
64.350620
61.218043
58.228824
55.214135
52.449001
49.907505
47.222205
44.813865
42.672133
40.787254
39.174123
37.115502
35.232411
33.689953
32.180635
30.517012
28.946627
27.684406
26.260880
25.020032
23.478915
22.448972
21.130971
19.523723
18.575848
17.415132
16.311834
15.392257
14.270192
13.344211
12.493148
11.545570
10.672166
9.900714
9.080259
8.260549
7.553813
6.916112
6.048070
5.272298
4.582541
4.045079
3.366344
2.709429
2.305271
1.773543
1.425314
1.096968
0.890160
0.667341
0.476693
0.390306
0.285822
0.223936
0.162944
0.147901
0.101356
0.078866
0.058684
0.040810
0.024576
0.018246
0.011469
0.009607
0.009756
0.007894
0.005809
0.006330
0.005958
0.003575
0.007075
0.004841
0.004543
