316.429467
322.068022
327.803289
334.165165
340.871215
348.808512
356.908077
366.226738
375.909707
386.812408
397.923720
409.667361
420.309882
429.236330
434.245593
434.484722
430.120505
420.359474
407.378369
392.007959
377.998001
362.315770
347.576347
332.185874
317.224701
302.864564
287.890958
273.756950
261.095437
249.258334
238.001143
227.806361
217.393149
206.294271
194.929985
183.082074
170.706667
158.682076
146.434392
135.602476
126.371272
118.066346
110.884653
105.076552
99.983364
95.569626
91.373753
87.544449
84.009234
80.873650
77.927672
75.131460
72.500058
69.246852
67.136235
64.677557
62.102035
60.083466
58.284104
56.323463
54.223019
52.293178
50.208629
48.908505
46.909434
45.251147
43.787483
41.978726
40.793045
38.991564
37.267155
36.130076
34.442967
33.111760
31.713654
30.238970
28.949301
27.229413
26.292892
24.988106
23.620023
22.697630
21.559562
20.436825
19.538945
18.671160
17.829583
16.989843
16.107929
15.267201
14.475710
13.705908
12.933138
12.232142
11.489749
10.803235
9.937004
9.295843
8.477861
7.931787
7.323899
6.668327
6.130518
5.450644
4.955857
4.227310
3.761910
3.243810
2.634792
2.267305
1.945029
1.615830
1.260069
0.957715
0.794175
0.667299
0.538940
0.424214
0.334638
0.277488
0.231216
0.157606
0.123132
0.099325
0.084490
0.055808
0.039772
0.044364
0.031931
