312.704776
317.308269
322.485859
328.375506
334.645009
341.126284
347.685132
354.798179
361.092936
368.089939
375.850203
383.354307
392.048557
401.670672
411.852552
421.371424
432.263413
442.510829
451.406138
456.908624
460.074091
458.570737
452.189435
441.986126
426.469565
407.707600
388.754524
368.770480
348.741563
331.232635
311.920992
293.081943
273.597555
255.260041
237.311984
219.933988
203.703631
188.143310
174.396349
161.079752
147.315328
133.713700
119.600727
105.677961
92.248311
79.639387
68.254282
58.582285
50.661522
44.440440
39.555395
35.152891
31.456739
28.247999
25.510184
23.157511
20.957964
19.142656
17.736284
16.419589
15.054125
14.312919
13.350687
12.527039
11.797103
11.119346
10.491400
9.789432
9.299237
8.791440
8.178801
7.884099
7.257198
6.820920
6.460265
6.071922
5.549028
5.195679
4.901673
4.507833
4.231707
3.990784
3.712571
3.439854
3.192043
2.946737
2.759661
2.535226
2.289154
2.207757
2.031325
1.880913
1.754016
1.627885
1.498483
1.395588
1.314538
1.278709
1.160161
1.073058
1.000148
0.968355
0.848623
0.769382
0.718596
0.688472
0.605961
0.593995
0.487969
0.491169
0.396762
0.403997
0.335679
0.318843
0.309798
0.256577
0.219913
0.211495
0.153473
0.100947
0.107695
0.083207
0.075415
0.068179
0.064422
0.042160
0.042369
0.030750
0.032281
