320.589829
326.996520
332.790180
339.616029
346.795817
353.150610
360.469256
365.687799
371.202948
375.407065
380.774739
384.572490
388.512412
392.105686
394.175698
395.278543
396.714845
396.842965
396.828185
396.063107
394.616332
391.830224
385.763819
375.906623
362.840182
344.325934
322.758400
298.009527
272.022663
246.347318
222.345228
200.481751
182.746699
167.110689
154.407533
144.410220
135.634128
126.440799
119.349628
112.119202
105.944958
100.453670
95.550755
91.213547
87.759661
84.101232
81.253218
78.624659
75.944334
73.467028
71.064751
68.456805
66.072623
63.768309
61.539687
59.428913
57.156877
54.991687
52.920946
50.566722
48.775885
46.594389
44.398245
42.779207
41.179721
39.122965
37.482452
35.750406
34.016768
32.381160
30.999473
29.707861
28.424469
27.313339
26.183121
24.978470
24.055644
23.151708
22.184541
21.600475
20.746846
19.909987
19.114552
18.418340
17.749435
16.956586
16.205957
15.612546
15.072226
14.542312
13.992713
13.610737
13.135505
12.473692
11.879022
11.307152
10.547377
10.049079
9.250794
8.485054
7.719247
6.775476
5.882874
5.003793
4.206371
3.485701
2.814012
2.157834
1.769694
1.388050
1.051941
0.879213
0.637952
0.552715
0.400203
0.322588
0.205669
0.154832
0.108236
0.079073
0.062436
0.035261
0.044474
0.031218
0.034864
0.034135
0.038642
0.023265
0.044474
