309.550583
313.616352
318.268450
323.306183
328.994687
334.911574
341.301232
348.251815
356.010167
363.944399
372.987355
381.816408
391.355168
402.907634
414.004009
424.399483
435.851009
444.855181
452.608706
455.346344
454.520031
449.850235
441.031175
432.158004
422.132160
414.251530
405.617074
398.314474
389.070571
376.429198
362.134860
344.810650
324.405422
303.522595
283.285288
262.758628
243.607181
225.409914
206.752832
188.652609
170.810747
154.280672
138.808088
125.005829
112.587844
101.685556
90.202106
79.928148
69.932705
61.002290
53.938235
48.037352
43.050936
39.196868
36.345926
33.776802
31.110379
28.530331
26.123793
23.053614
20.271687
18.060677
15.557518
13.484453
11.724705
9.760031
8.072940
6.618466
5.482052
4.288987
3.345561
2.689286
2.174682
1.714105
1.383088
1.077645
0.876952
0.721309
0.600809
0.428653
0.400370
0.346767
0.300447
0.280123
0.266659
0.249046
0.207637
0.185366
0.157167
0.137267
0.135235
0.117706
0.122533
0.159708
0.083072
0.071724
0.066898
0.051147
0.050978
0.043187
0.049284
0.037768
0.028368
0.019985
0.056228
0.037090
0.037683
0.028876
0.029808
0.033534
0.028453
0.027521
0.025319
0.024303
0.029554
0.032094
0.018714
0.014988
0.020323
0.023880
0.028283
0.022186
0.022102
0.019392
0.020408
0.025828
0.022864
0.023880
0.021340
