331.736234
338.183162
345.413266
352.878369
361.009046
369.604159
378.494056
386.463429
396.226146
404.026750
411.542613
418.079456
422.683232
425.923220
425.559625
422.816102
418.182332
410.444770
401.391601
392.705759
385.506328
379.095366
373.316861
367.705497
362.849959
356.770562
349.718524
342.510000
334.562682
324.147896
310.580527
292.638410
271.899025
245.954352
217.524432
188.028767
161.472401
137.923941
117.892203
101.424758
88.600187
78.214920
70.275066
62.610047
56.911956
51.575833
47.094545
43.448685
40.104802
37.139241
34.060353
31.451059
28.608867
26.201050
24.201615
22.277437
20.538450
19.013970
17.515276
15.834038
14.798897
13.385979
12.141015
11.204475
10.124954
9.460331
8.720722
7.906670
7.366503
6.978410
6.363257
6.027552
5.728899
5.355600
5.181945
4.828936
4.568963
4.317609
4.030967
3.750229
3.488900
3.354197
3.120758
3.009195
2.784849
2.651368
2.554396
2.376331
2.264768
2.200030
2.040287
1.917595
1.790425
1.672145
1.586166
1.509891
1.313367
1.233360
1.142088
1.064456
0.902338
0.822534
0.754945
0.704322
0.604296
0.522253
0.468847
0.428402
0.396915
0.350159
0.323490
0.264723
0.246808
0.220003
0.174537
0.185394
0.164697
0.176912
0.131038
0.145900
0.123777
0.098805
0.087133
0.056324
0.056663
0.037662
0.033591
0.031284
0.028705
