361.850124
367.575998
373.698401
380.829926
388.714527
397.151362
407.682873
418.995908
431.976718
448.097698
465.341676
485.742817
509.596920
534.695896
560.930405
584.936138
603.440521
608.646993
597.202627
566.564393
513.875390
444.584452
365.973427
287.094435
214.661098
153.663592
107.182110
74.265891
52.034965
37.124103
27.315525
21.319685
16.554570
13.234245
11.055449
9.449956
7.800789
6.542230
5.549946
4.641013
3.977593
3.354081
2.773627
2.317277
1.875382
1.470241
1.138993
0.827044
0.611518
0.496180
0.339553
0.238517
0.169622
0.115337
0.079198
0.066127
0.059898
0.041444
0.050287
0.037754
0.040752
0.025220
0.039061
0.023067
0.038523
0.037292
0.027450
0.024682
0.023836
0.029911
0.021837
0.024451
0.028296
0.028834
0.024144
0.026143
0.021606
0.031756
0.034370
0.013302
0.020914
0.015378
0.017685
0.013225
0.022222
0.011226
0.009535
0.010303
0.011149
0.018146
0.010919
0.009919
0.008304
0.007997
0.010073
0.008766
0.013225
0.015532
0.009150
0.006613
0.010073
0.009688
0.008150
0.007843
0.007535
0.007074
0.012072
0.014917
0.011226
0.010380
0.007074
0.004383
0.005921
0.004383
0.005459
0.005229
0.003306
0.007458
0.006997
0.009227
0.011687
0.007458
0.005844
0.002845
0.003229
0.007843
0.005690
0.003845
0.004383
