355.147663
361.490507
368.475562
376.220277
384.921669
395.218768
406.565930
419.321872
434.445056
450.960252
469.975899
490.452878
512.462919
535.741388
556.138645
576.308842
590.536518
597.182652
591.428145
575.639152
545.644218
503.318119
447.448318
389.424748
327.375430
268.004950
213.540590
164.843158
123.439892
90.531375
64.248420
44.024893
30.075977
20.482026
13.857394
9.452204
6.305273
4.301326
2.901163
1.969170
1.349472
0.975309
0.675978
0.473216
0.365857
0.276896
0.219530
0.174661
0.166200
0.130336
0.113646
0.094550
0.087719
0.070641
0.072193
0.072426
0.049293
0.056590
0.058220
0.050302
0.050923
0.049216
0.046887
0.055193
0.052088
0.053873
0.044480
0.049992
0.037416
0.032759
0.042850
0.044558
0.037339
0.044248
0.034544
0.031672
0.025384
0.027325
0.024453
0.030042
0.019019
0.025695
0.023987
0.020649
0.017233
0.027946
0.030197
0.017311
0.016612
0.015758
0.020804
0.020028
0.015836
0.024064
0.024064
0.021658
0.014827
0.012420
0.014594
0.016146
0.013274
0.011799
0.013274
0.009703
0.012032
0.010014
0.007375
0.006521
0.010324
0.016612
0.008539
0.012731
0.010868
0.014283
0.008539
0.010014
0.010402
0.006831
0.010635
0.015215
0.005201
0.012265
0.006443
0.006676
0.005123
0.007685
0.005123
0.004735
0.007297
