347.378212
353.120769
360.147169
367.799453
376.310058
385.295160
395.433765
406.544132
420.331402
434.932086
453.028640
473.338475
495.339368
522.800779
548.758350
574.343363
594.467623
607.413315
604.918701
588.483006
554.552464
506.458028
450.098490
390.884767
331.691308
278.955712
229.822544
188.334384
153.859089
124.445704
99.453480
80.203970
63.311615
49.035843
37.623253
27.975575
20.555181
14.782737
10.147524
7.046351
4.741457
3.332672
2.189731
1.491793
1.071903
0.773122
0.588252
0.446959
0.374669
0.296512
0.271007
0.199109
0.172353
0.167815
0.152090
0.164764
0.124160
0.162417
0.126350
0.129871
0.131279
0.164607
0.115006
0.110860
0.101002
0.134956
0.113128
0.089423
0.100689
0.102332
0.101550
0.088015
0.132765
0.077688
0.087858
0.078783
0.080661
0.072290
0.099203
0.079252
0.078783
0.067595
0.069082
0.065796
0.061337
0.055625
0.060945
0.069317
0.067830
0.059459
0.049679
0.057972
0.053904
0.054061
0.054765
0.047567
0.063605
0.057034
0.049679
0.067674
0.071507
0.055391
0.056486
0.053435
0.052965
0.053591
0.037553
0.059146
0.038492
0.054921
0.042951
0.049914
0.038414
0.039352
0.025818
0.039744
0.045455
0.042795
0.021280
0.049679
0.049523
0.036927
0.040369
0.039665
0.031372
0.029338
0.037005
0.033407
0.035754
