338.399318
344.510481
351.257468
357.998456
365.381739
374.101977
384.090966
394.616839
406.294461
419.711939
434.453231
451.174716
467.834128
485.672113
503.961793
519.811968
531.786475
540.952882
540.774414
533.596288
518.825612
496.912328
469.106989
440.160954
407.045198
373.063927
336.426943
300.520879
263.212283
227.791613
194.419275
163.784809
136.337753
112.566197
92.219693
75.107440
60.514354
48.288255
38.080226
29.370906
22.652226
17.468918
13.156179
9.797850
7.637033
5.829106
4.382697
3.374437
2.475427
1.786225
1.347672
0.975236
0.688192
0.488224
0.360709
0.324180
0.255435
0.229150
0.192149
0.248965
0.156024
0.155822
0.143825
0.133918
0.126437
0.118417
0.104668
0.123876
0.129537
0.092064
0.104802
0.111407
0.078113
0.101972
0.080674
0.073193
0.078922
0.068341
0.084112
0.106757
0.080068
0.058164
0.067599
0.055400
0.098332
0.059714
0.061871
0.063421
0.069554
0.076698
0.062073
0.041854
0.045763
0.044010
0.033294
0.050076
0.045021
0.044145
0.042662
0.034170
0.032957
0.027228
0.029116
0.022578
0.024870
0.021028
0.028981
0.033227
0.026622
0.031137
0.018736
0.020960
0.023859
0.018939
0.023387
0.024398
0.015973
0.019276
0.027094
0.017860
0.024533
0.018871
0.020084
0.022982
0.022174
0.026487
0.024263
0.023050
0.020624
