349.042936
356.413146
363.145570
370.976976
379.751346
389.865755
401.262595
412.823340
426.855337
442.641591
459.877268
478.816453
499.254779
517.546576
535.226989
547.310650
554.696634
555.265841
548.210753
533.275910
510.473999
480.286106
444.116731
401.190930
355.180092
310.341959
266.484509
228.339366
193.601240
163.736697
137.521942
114.852389
93.745758
75.727250
59.588841
46.386309
35.793218
27.033592
20.619719
15.393638
11.374209
8.443133
6.145042
4.573549
3.347010
2.453765
1.800548
1.342439
1.031775
0.769116
0.627500
0.486227
0.354898
0.307578
0.237627
0.179678
0.192708
0.129958
0.104583
0.084695
0.070294
0.061378
0.106984
0.049720
0.041833
0.061036
0.040805
0.034633
0.032232
0.038747
0.041148
0.024346
0.043891
0.047663
0.036347
0.032575
0.037033
0.034975
0.027775
0.034975
0.034633
0.030518
0.025374
0.029146
0.028117
0.029489
0.033261
0.025374
0.026060
0.025031
0.022974
0.022974
0.023660
0.028460
0.022974
0.019888
0.022974
0.026746
0.021260
0.020574
0.019202
0.023317
0.018516
0.020917
0.023317
0.025031
0.017145
0.019202
0.016116
0.018173
0.021945
0.013373
0.028460
0.015773
0.012687
0.014059
0.012001
0.014402
0.009258
0.020231
0.019545
0.015430
0.015430
0.009944
0.011316
0.012344
0.012344
0.015087
0.013373
