353.964884
361.389696
369.210407
378.289188
388.185608
399.656722
411.650104
425.664748
441.473558
458.086447
475.049088
492.955669
509.509120
526.067832
538.108441
545.766151
547.308730
539.552450
523.972221
498.438965
467.261773
432.827987
394.237318
356.639976
319.624001
281.913785
245.541519
209.325913
175.836201
144.291311
117.268303
94.394081
75.644357
60.271186
47.954230
38.054099
29.913928
22.854791
17.372575
13.114491
9.766748
7.315109
5.352611
4.061753
3.112079
2.367844
1.738033
1.381872
1.041430
0.693432
0.547027
0.406695
0.363043
0.257794
0.219540
0.170423
0.180071
0.149373
0.154703
0.102686
0.123803
0.095129
0.100527
0.097828
0.088450
0.084874
0.075226
0.115909
0.078532
0.082850
0.064297
0.061935
0.062542
0.065983
0.060518
0.056538
0.056470
0.043921
0.068142
0.054716
0.048644
0.044056
0.036972
0.062880
0.043382
0.048239
0.053299
0.051275
0.043517
0.064634
0.036433
0.039334
0.046148
0.038119
0.037107
0.038389
0.036837
0.039738
0.042842
0.034948
0.028606
0.035488
0.047767
0.028539
0.028404
0.037849
0.027797
0.031170
0.021387
0.023411
0.039469
0.028539
0.037849
0.033262
0.022332
0.020510
0.025638
0.019026
0.015113
0.023209
0.019296
0.013021
0.016125
0.013763
0.015585
0.015248
0.019633
0.015383
0.015990
