375.406567
384.540291
394.399638
405.365154
418.308940
432.521851
449.586605
468.342312
489.666101
513.575837
536.743299
561.613768
581.575463
595.119209
600.794712
595.555606
577.853947
546.737676
501.884437
447.641811
385.267041
321.538503
261.202102
205.244502
159.410497
119.787866
87.925939
62.876124
44.145741
29.887907
20.216492
13.385473
8.883438
5.954235
4.077086
2.690277
1.968470
1.335035
0.988658
0.700213
0.530146
0.358779
0.311340
0.227998
0.176050
0.161741
0.132168
0.134943
0.104590
0.108319
0.093229
0.069726
0.072328
0.072241
0.077705
0.064263
0.069206
0.060881
0.041714
0.040674
0.048826
0.041714
0.136157
0.038506
0.040587
0.049606
0.041801
0.043709
0.038506
0.033649
0.034430
0.030961
0.026971
0.043102
0.033042
0.023849
0.031915
0.022288
0.020554
0.032608
0.027405
0.023589
0.027231
0.019340
0.029053
0.029920
0.025844
0.020901
0.019947
0.016651
0.009453
0.010147
0.007458
0.010841
0.012835
0.012141
0.011534
0.015437
0.014396
0.011881
0.017692
0.011448
0.010407
0.010841
0.010147
0.015957
0.007372
0.007285
0.020640
0.009019
0.012922
0.011968
0.008672
0.006591
0.005030
0.003469
0.006244
0.009106
0.005984
0.003989
0.005203
0.007025
0.006244
0.005030
0.004943
0.007632
0.010407
0.005897
0.007805
