371.756618
379.106223
387.195456
396.413084
407.495294
420.120430
434.711252
450.843786
469.395792
491.055571
513.241507
537.258908
559.710317
579.032100
591.677268
596.767251
589.252333
569.517232
537.300726
494.348419
438.918147
377.829917
314.348924
252.241564
193.547716
143.237846
101.236547
68.752679
45.118244
29.069142
17.955906
11.020563
6.830328
4.191989
2.546610
1.532539
1.001728
0.678993
0.461070
0.360843
0.258458
0.178263
0.160390
0.140830
0.108793
0.098001
0.087344
0.090110
0.065964
0.057735
0.060028
0.065357
0.042290
0.042087
0.046606
0.039119
0.036017
0.045325
0.047146
0.027586
0.038715
0.024686
0.024888
0.026304
0.016120
0.020099
0.018818
0.024821
0.015580
0.022123
0.016187
0.018076
0.017401
0.013894
0.019560
0.016457
0.017334
0.016457
0.013827
0.021044
0.012680
0.011534
0.014636
0.013489
0.008363
0.019695
0.010522
0.009510
0.018278
0.019088
0.011871
0.029879
0.027721
0.013827
0.011466
0.012748
0.007015
0.013692
0.009308
0.005935
0.009510
0.010252
0.005598
0.007824
0.006408
0.006475
0.004856
0.008566
0.010589
0.005868
0.008498
0.007284
0.047820
0.004789
0.004519
0.011061
0.004519
0.010522
0.007689
0.003372
0.002698
0.002900
0.006745
0.004856
0.004114
0.005935
0.004991
0.002765
0.004452
