324.796808
329.359368
334.802216
340.174360
346.003028
352.842751
359.535604
367.642637
376.137989
386.120632
396.891665
409.173033
423.257454
438.693958
456.977145
476.296929
497.072168
517.095293
534.357987
546.033000
550.981010
549.142511
538.775344
519.823334
493.465967
463.143140
426.951665
390.336889
354.487553
317.884160
283.172202
250.472171
219.377704
188.143679
158.702897
131.803402
106.936934
84.743906
65.605233
50.656627
38.179156
28.159126
20.594128
14.940092
10.727352
7.859568
5.596010
3.977213
2.766170
1.931044
1.334961
0.989121
0.624679
0.510848
0.414046
0.340658
0.292997
0.214427
0.186756
0.204710
0.136874
0.149275
0.132432
0.120401
0.100041
0.104206
0.083013
0.131229
0.091527
0.083753
0.091249
0.081995
0.079311
0.071907
0.088010
0.083753
0.078756
0.075702
0.080607
0.063949
0.076072
0.064689
0.054231
0.065614
0.041645
0.035167
0.039702
0.042941
0.042848
0.040997
0.043033
0.049882
0.052658
0.046180
0.048401
0.036463
0.055064
0.027208
0.043033
0.033501
0.021656
0.033409
0.030632
0.035815
0.036648
0.023506
0.024710
0.022303
0.023877
0.019157
0.016380
0.023229
0.025172
0.037851
0.021193
0.035352
0.024432
0.022488
0.040535
0.022211
0.016380
0.021008
0.022303
0.022396
0.027208
0.014622
0.015177
0.016288
0.014807
