326.575001
331.598185
336.966950
343.243971
349.458733
356.981250
364.525944
373.904955
383.253853
394.122005
406.045518
419.879034
434.171461
449.389336
462.727116
476.428382
486.956345
496.233625
501.042257
501.792729
500.220879
494.385676
485.615629
473.598117
459.500303
443.073555
420.349541
394.787633
365.545698
331.778249
296.457669
260.762413
225.601856
192.623740
162.900820
135.817724
112.526152
92.148366
73.906936
58.711951
46.267676
35.535436
27.212193
20.597017
15.200174
11.336014
8.340640
5.963994
4.287056
3.107991
2.194852
1.610914
1.163805
0.844573
0.649045
0.528596
0.414657
0.375287
0.345785
0.315062
0.296038
0.239882
0.248123
0.215467
0.203056
0.187084
0.165415
0.136930
0.149443
0.141203
0.128588
0.129606
0.121467
0.116381
0.103868
0.096543
0.100612
0.099188
0.108954
0.093593
0.091660
0.090134
0.091049
0.085454
0.091456
0.076502
0.067855
0.062870
0.060937
0.053511
0.063175
0.053409
0.053918
0.062666
0.050357
0.049645
0.051171
0.042218
0.038353
0.043643
0.032045
0.049136
0.032859
0.049950
0.042625
0.024415
0.036115
0.037539
0.030214
0.030723
0.026348
0.036216
0.024619
0.036928
0.026552
0.026145
0.025433
0.025331
0.022890
0.031842
0.037539
0.033063
0.028383
0.026348
0.040591
0.033164
0.023093
0.034385
0.028688
