395.191888
402.676460
411.383827
420.774544
431.481533
443.859057
459.268141
476.302087
495.710414
518.646200
542.237178
565.857448
584.979315
598.988225
601.698998
589.503747
561.626995
519.478702
462.328922
398.372530
328.759905
261.108887
197.758962
142.473694
98.035348
64.213704
40.525134
24.576534
14.654953
8.413389
4.613796
2.560911
1.452800
0.858105
0.532282
0.370505
0.258800
0.204757
0.146741
0.096031
0.099648
0.082626
0.074186
0.053618
0.039079
0.033121
0.040214
0.041065
0.038866
0.040285
0.035320
0.034682
0.020852
0.028724
0.028440
0.018653
0.028795
0.016738
0.046029
0.013334
0.022696
0.011206
0.020852
0.015107
0.018724
0.012553
0.013121
0.016525
0.019717
0.009078
0.012270
0.009787
0.011773
0.004823
0.004681
0.004539
0.007021
0.013830
0.005319
0.002128
0.005390
0.002411
0.002624
0.002553
0.002837
0.002553
0.002624
0.002553
0.002837
0.002766
0.002979
0.002766
0.003262
0.003121
0.003192
0.002979
0.004114
0.002411
0.003546
0.003759
0.003759
0.004752
0.004752
0.002908
0.003262
0.004043
0.003759
0.003192
0.004468
0.004752
0.003404
0.004539
0.002199
0.001915
0.002270
0.001702
0.001418
0.002553
0.001986
0.002340
0.001418
0.003333
0.000993
0.003333
0.002624
0.003121
0.003262
0.003192
0.003404
