364.196174
372.808979
381.702485
392.344419
403.609018
416.448860
430.747826
447.425387
465.675508
484.899892
507.644948
528.943616
547.922542
563.906885
573.191225
575.240454
566.938568
547.551050
519.555751
477.978659
431.345572
378.939182
325.218218
274.736537
229.630030
187.447069
152.675708
123.670009
98.794982
78.181685
60.351859
46.527153
35.481581
26.683478
19.983268
14.719605
10.595334
7.762579
5.835873
4.275634
3.050337
2.194673
1.648276
1.256547
1.130996
0.638771
0.504271
0.407561
0.594855
0.236097
0.201061
0.164855
0.143104
0.138217
0.134706
0.108756
0.107724
0.078607
0.078952
0.063258
0.085766
0.066906
0.065047
0.063946
0.062776
0.064841
0.046393
0.051349
0.055617
0.036895
0.044260
0.044673
0.043709
0.040199
0.034761
0.049353
0.034830
0.033935
0.039304
0.047219
0.037583
0.037789
0.040405
0.036000
0.041025
0.029461
0.040061
0.039166
0.033935
0.022577
0.023679
0.029598
0.026707
0.029667
0.028635
0.022371
0.015556
0.018241
0.025606
0.023128
0.016726
0.030562
0.018310
0.028910
0.017621
0.020099
0.012390
0.014730
0.017828
0.013422
0.013285
0.014799
0.037652
0.012941
0.011495
0.007847
0.009224
0.009292
0.008329
0.005851
0.010463
0.009774
0.008673
0.007640
0.007021
0.009361
0.009843
0.008673
0.012183
