381.441922
388.346617
396.541161
406.265507
418.121706
431.701730
447.371848
466.180016
486.930788
510.509264
535.225324
558.928923
579.954843
594.577155
596.115310
582.081774
548.939567
494.964268
429.271016
352.523004
274.984590
202.366212
143.762281
97.572156
64.104690
42.215142
28.274516
19.760083
14.424711
11.055953
8.818813
7.076347
5.752048
4.721392
4.007345
3.434675
2.819354
2.303504
1.873405
1.523689
1.184710
0.928500
0.731943
0.561783
0.420852
0.285142
0.215049
0.153756
0.104840
0.073224
0.063232
0.051600
0.042055
0.037283
0.030721
0.029081
0.037581
0.041459
0.026396
0.045187
0.029827
0.026844
0.034599
0.022966
0.014764
0.025203
0.026993
0.022370
0.029976
0.021028
0.017449
0.021326
0.015062
0.019686
0.026247
0.022072
0.022668
0.022072
0.029976
0.014764
0.014764
0.011781
0.010588
0.016255
0.012378
0.016405
0.014913
0.008948
0.010141
0.005965
0.009395
0.010887
0.003132
0.005220
0.007755
0.009097
0.009395
0.005220
0.005220
0.012080
0.004921
0.006562
0.007308
0.005816
0.008202
0.009246
0.003132
0.010588
0.008202
0.003430
0.005518
0.002237
0.006711
0.007755
0.012527
0.002237
0.003430
0.004772
0.004325
0.003877
0.006711
0.006114
0.002684
0.002834
0.003877
0.007904
0.003281
0.006114
0.006413
