357.264839
365.415771
374.803910
383.977756
394.211057
404.236135
415.312422
426.625888
437.897075
448.937152
458.959196
467.837163
474.461012
477.825305
477.975487
473.166094
464.325194
454.651729
440.292208
425.106850
408.420132
386.617719
364.220777
337.932881
312.147836
284.472420
258.537654
233.527461
212.005362
190.042346
170.376518
149.525655
127.846778
106.795936
85.604080
66.310443
49.794485
36.554570
26.274177
18.914257
13.640466
10.297872
7.939740
6.319329
5.339220
4.551373
3.936727
3.608793
3.259225
2.932808
2.601840
2.145753
1.983632
1.641188
1.420630
1.222696
1.028257
0.866532
0.704412
0.595387
0.469740
0.418030
0.354119
0.318371
0.275631
0.271871
0.216732
0.227351
0.185667
0.189426
0.180654
0.166539
0.158493
0.162516
0.138838
0.153876
0.141740
0.141608
0.136068
0.138706
0.119183
0.181709
0.132044
0.113445
0.107047
0.118128
0.115489
0.113972
0.105398
0.104343
0.109553
0.094119
0.098605
0.087392
0.084754
0.066550
0.069122
0.079609
0.049137
0.067341
0.054282
0.047225
0.042212
0.044916
0.038189
0.054282
0.037529
0.047291
0.038518
0.042740
0.025129
0.036408
0.036606
0.032253
0.038650
0.030538
0.041618
0.028955
0.032912
0.033770
0.030538
0.026053
0.022359
0.021106
0.021568
0.022689
0.018138
0.017017
0.019391
