367.320957
375.138083
384.559761
394.867481
406.778241
419.199861
434.797119
450.737705
471.176340
492.940711
518.720191
542.912861
570.178754
593.196688
605.740983
610.133895
599.503208
572.613706
528.148220
471.684781
408.082506
345.305894
282.941860
227.655879
180.109608
139.617802
107.284738
81.851912
61.688162
46.260250
34.753602
26.087025
19.486366
14.212755
10.266996
7.183490
4.963749
3.495379
2.473357
1.692148
1.223826
0.830097
0.649562
0.480015
0.384959
0.321455
0.249584
0.159165
0.156947
0.138501
0.137493
0.091729
0.115115
0.102112
0.073282
0.080943
0.087999
0.070762
0.072778
0.093543
0.057961
0.071266
0.079431
0.060783
0.071770
0.062799
0.062900
0.059876
0.038304
0.048989
0.099894
0.058364
0.040522
0.044655
0.035684
0.048485
0.046469
0.034172
0.031047
0.046268
0.040018
0.046469
0.035583
0.029736
0.038304
0.030845
0.038909
0.031248
0.032458
0.036188
0.031954
0.025200
0.027720
0.029535
0.033264
0.028124
0.026712
0.021471
0.015523
0.014515
0.018144
0.015120
0.015927
0.016431
0.014818
0.017640
0.017136
0.010685
0.009475
0.023083
0.017035
0.013608
0.010987
0.009375
0.014213
0.011491
0.008064
0.009576
0.009879
0.008669
0.007358
0.007157
0.008064
0.008568
0.005846
0.010584
0.010483
0.006754
0.007762
