328.326279
334.111424
340.635662
347.375509
354.734554
362.577935
370.883037
379.653557
388.993289
398.905303
409.298081
419.888364
429.301574
439.527353
447.710307
454.822737
460.648035
464.610598
466.969194
467.788404
464.797830
458.587921
448.865143
434.265881
416.997702
398.503403
377.572959
355.698087
332.620146
307.728392
281.698840
253.416053
221.497247
190.036279
157.230236
127.314541
100.487578
78.116031
60.018558
46.191024
35.894586
28.262805
23.042048
19.217858
16.394158
14.649688
13.263646
12.113445
11.171460
10.194459
9.313486
8.651816
8.009189
7.464532
6.874774
6.439611
5.958095
5.624911
5.246752
4.898660
4.677226
4.463247
4.153616
3.901426
3.692583
3.472779
3.349816
3.010180
2.810921
2.550588
2.271964
2.078029
1.913285
1.632281
1.471295
1.298220
1.204636
1.023167
0.842074
0.737026
0.690797
0.626340
0.594644
0.532944
0.487843
0.435914
0.372334
0.330240
0.297166
0.282195
0.273989
0.230516
0.243044
0.252253
0.176834
0.186731
0.181093
0.176959
0.178274
0.175017
0.144762
0.134739
0.112690
0.123026
0.108806
0.120081
0.100851
0.094837
0.108055
0.086318
0.080806
0.095840
0.087696
0.083186
0.083687
0.069531
0.071410
0.093146
0.067777
0.079115
0.082873
0.072350
0.068591
0.074479
0.069405
0.077486
0.079678
0.073477
0.069781
