337.207107
343.131078
349.198119
356.530454
364.377990
373.225931
382.810361
393.716558
406.392806
419.945334
436.090753
453.562798
471.364222
489.967477
505.559315
517.328433
525.347825
526.526279
521.736432
512.150303
497.392844
481.888087
460.696436
438.289044
412.856026
385.463613
354.532802
321.200509
284.404024
248.033594
210.960076
175.553495
142.773568
114.268042
89.061655
67.668878
51.191651
37.936196
27.974656
20.290231
14.637342
10.538439
7.608153
5.478968
3.875187
2.875268
2.082790
1.635602
1.197279
0.981944
0.797943
0.672604
0.575564
0.470750
0.419376
0.348447
0.297194
0.323428
0.276790
0.242784
0.236954
0.208534
0.204283
0.179871
0.163232
0.166876
0.172098
0.148415
0.156917
0.145379
0.127404
0.124489
0.132383
0.122667
0.114287
0.117809
0.114044
0.113315
0.096312
0.094854
0.086110
0.077001
0.076515
0.077001
0.075543
0.072021
0.054046
0.061334
0.048095
0.059998
0.070807
0.061698
0.062184
0.046759
0.057811
0.050281
0.050038
0.082831
0.047731
0.110036
0.056840
0.059147
0.047974
0.044452
0.030363
0.031699
0.035829
0.028784
0.027448
0.035464
0.042023
0.033885
0.031456
0.037407
0.030727
0.056354
0.027570
0.029999
0.030727
0.049067
0.017611
0.025626
0.024048
0.026477
0.023319
0.024412
0.026112
0.022226
0.029027
