353.542409
359.586841
366.911291
373.939725
380.515769
386.615566
392.787844
398.714025
405.270231
412.655752
421.918643
432.327871
446.142659
462.304970
481.211308
501.170756
522.972696
542.690455
559.206353
568.473782
570.204374
561.874398
542.632237
508.752455
468.008911
414.780905
356.464980
296.487183
237.864090
183.838277
136.702937
97.711379
66.862306
43.408349
27.080201
16.314663
9.368954
5.374600
3.107728
1.885797
1.054408
0.690707
0.500623
0.382502
0.260101
0.210700
0.202531
0.152741
0.121493
0.086873
0.090763
0.085706
0.067165
0.071962
0.058218
0.050438
0.051865
0.048493
0.035527
0.030859
0.049012
0.042529
0.040973
0.043437
0.064312
0.023728
0.025154
0.025673
0.028007
0.035398
0.017764
0.024376
0.026451
0.017764
0.018671
0.027229
0.025673
0.022431
0.021394
0.025932
0.013225
0.011670
0.014522
0.011799
0.023080
0.049660
0.019320
0.010632
0.020357
0.019060
0.014392
0.013614
0.019968
0.005964
0.014133
0.011540
0.011151
0.012448
0.015170
0.010373
0.009854
0.018023
0.008687
0.017504
0.007261
0.013355
0.008298
0.007002
0.019320
0.008558
0.014911
0.009465
0.028785
0.014652
0.009854
0.010243
0.013744
0.008817
0.014133
0.008298
0.011281
0.005575
0.005446
0.011281
0.006742
0.009076
0.004927
0.005057
0.003890
