334.694517
339.772817
345.305619
351.852815
358.397927
366.088061
374.252178
383.311206
393.369819
404.833056
418.371453
433.413757
449.961046
470.866782
492.451897
517.605942
543.164667
564.890546
582.894438
592.143907
586.388456
566.584823
532.709642
490.788750
442.283709
391.379635
343.668353
296.544930
257.248740
221.532623
189.127200
159.336271
131.955158
107.225347
84.422527
65.204597
49.226908
35.384120
25.142327
17.667940
12.223566
8.316888
5.735968
3.812428
2.588253
1.736837
1.206490
0.857239
0.609572
0.442207
0.364204
0.279731
0.250040
0.198278
0.174266
0.145078
0.146588
0.111145
0.145078
0.097989
0.091015
0.086486
0.081310
0.073402
0.072683
0.079297
0.056363
0.078506
0.061899
0.082819
0.081741
0.060533
0.056148
0.049534
0.060821
0.051547
0.042057
0.039325
0.073761
0.054782
0.044214
0.051618
0.045148
0.048527
0.039972
0.064703
0.037528
0.034292
0.034508
0.037240
0.038534
0.044070
0.039325
0.030914
0.023940
0.032208
0.035730
0.035371
0.028325
0.023940
0.027966
0.021496
0.031992
0.019123
0.023005
0.026097
0.026241
0.015385
0.027750
0.021855
0.021999
0.022862
0.024156
0.027750
0.026744
0.020202
0.013228
0.016751
0.022934
0.020130
0.020921
0.015816
0.008483
0.007045
0.014810
0.018404
0.015025
0.007621
0.007836
