355.611951
362.227207
369.850922
378.442110
388.425301
398.546540
410.416215
423.807262
439.311361
456.829035
476.210636
496.370997
518.750580
540.144261
560.182656
575.327903
583.193273
581.300882
567.464098
543.058702
508.167308
467.237328
419.806798
370.904496
317.659387
266.454962
217.644740
173.626833
135.558992
104.942876
80.352610
61.704013
47.090605
35.608174
26.376844
19.385871
13.872363
9.944267
7.118134
4.825049
3.408424
2.475108
1.767365
1.378270
0.985190
0.717563
0.551621
0.453067
0.384612
0.363763
0.238595
0.218314
0.167365
0.159039
0.146231
0.129437
0.095281
0.108588
0.093929
0.092008
0.079342
0.078701
0.097985
0.051092
0.060698
0.049740
0.070732
0.048815
0.052017
0.042482
0.060129
0.034512
0.047107
0.041343
0.053155
0.037216
0.034583
0.032591
0.030883
0.035295
0.028108
0.022913
0.022273
0.025759
0.029388
0.030100
0.034939
0.034939
0.026969
0.027111
0.025546
0.021276
0.030100
0.016224
0.026542
0.022415
0.025475
0.021917
0.017932
0.015940
0.088308
0.023055
0.016366
0.019355
0.021419
0.018857
0.021276
0.018003
0.014943
0.016793
0.015726
0.006974
0.011385
0.012809
0.012168
0.006475
0.011314
0.016793
0.008326
0.008824
0.008610
0.008966
0.013164
0.006831
0.008326
0.009393
0.009393
0.008326
0.006689
