319.695375
324.881712
330.640184
336.741807
343.470662
350.868104
358.704824
367.659111
377.035939
386.287398
396.179766
404.106034
412.034711
417.995466
422.066970
424.947314
429.238359
432.215545
436.660940
440.635406
445.237950
446.243045
447.696080
442.981518
434.692561
423.317527
407.098003
388.684829
368.192952
343.589257
320.017034
295.952651
271.976904
250.527344
228.488781
207.984334
188.815695
169.028224
149.937019
132.164884
115.410217
100.584333
87.609209
77.065904
68.013797
60.679918
54.543843
48.595397
43.026638
37.915261
33.134791
28.988782
25.064594
21.803522
19.074597
16.717935
14.423273
12.340402
10.561280
8.648063
7.071680
5.727146
4.728694
3.785534
3.020495
2.551195
2.116281
1.730537
1.493868
1.285529
1.109623
1.014148
0.899069
0.790504
0.699131
0.607173
0.604047
0.551620
0.481805
0.431592
0.384767
0.334228
0.303489
0.291245
0.269818
0.242791
0.211075
0.202673
0.212833
0.204822
0.175841
0.161969
0.144190
0.145818
0.130448
0.140738
0.115925
0.126150
0.091568
0.095345
0.097364
0.096778
0.077891
0.075026
0.091112
0.072095
0.068839
0.067015
0.068057
0.072095
0.071574
0.063498
0.060568
0.052362
0.052687
0.048584
0.049887
0.037122
0.053013
0.033670
0.044286
0.034973
0.037708
0.038880
0.032433
0.036601
0.033670
0.032759
0.030088
