349.994454
357.831638
366.760937
376.735668
387.971326
399.212179
413.640619
425.967149
438.255848
448.162088
454.944181
456.223183
456.155863
452.083021
447.503745
442.053923
436.883258
432.140731
427.790854
423.909947
419.195007
413.402147
407.470037
399.110906
384.443920
362.990595
335.974908
304.643661
270.443279
236.321997
202.852033
172.122639
143.265538
117.222694
93.189415
72.036687
53.371423
37.855330
25.878204
17.502097
11.696871
8.041045
6.067407
4.797041
3.912665
3.367083
2.908357
2.533196
2.220745
1.931563
1.723750
1.544841
1.398713
1.245049
1.122117
1.058163
0.971160
0.854155
0.812666
0.742639
0.711906
0.648464
0.601341
0.537533
0.483751
0.494946
0.422651
0.328476
0.329501
0.301768
0.250693
0.247473
0.237302
0.206789
0.207447
0.182495
0.167202
0.165080
0.115980
0.103467
0.090369
0.097687
0.086638
0.080052
0.075442
0.085833
0.071198
0.068271
0.074564
0.069076
0.065564
0.065344
0.047709
0.047856
0.066442
0.056929
0.044416
0.046612
0.039880
0.048295
0.052319
0.036367
0.046026
0.040319
0.053197
0.039806
0.042660
0.034538
0.042807
0.029123
0.036075
0.036367
0.027586
0.022757
0.023562
0.024220
0.025830
0.020854
0.028611
0.018806
0.020123
0.020562
0.019464
0.019757
0.021733
0.017415
0.019830
0.019976
0.017196
