374.273221
384.853836
394.449579
404.546560
413.853452
421.994566
429.927771
436.085416
441.489452
446.033272
448.380641
449.488528
449.117168
450.197602
449.606918
449.819155
448.411451
444.008326
433.853977
418.474185
394.417799
366.709661
335.813038
303.151673
270.036964
238.590761
206.769618
175.113565
146.372289
118.223414
94.172100
74.225959
58.462424
46.576904
38.531949
32.466957
28.196993
24.960018
21.947291
19.523009
17.479338
15.625599
14.117109
13.016533
11.841133
10.938546
9.959419
9.103233
8.374315
7.751031
7.156691
6.633371
6.281557
5.729292
5.154348
4.871092
4.446691
4.156870
3.889204
3.557905
3.381849
3.110826
2.800788
2.631744
2.442111
2.283958
2.079778
1.998314
1.879029
1.708717
1.623001
1.471936
1.387414
1.241869
1.149812
1.088043
0.968459
0.923848
0.881848
0.820229
0.743838
0.702510
0.630595
0.582478
0.571586
0.537121
0.504670
0.465580
0.443647
0.398066
0.367630
0.347115
0.316827
0.270724
0.257296
0.229321
0.207015
0.191349
0.136444
0.125328
0.124209
0.106156
0.082209
0.076316
0.076391
0.068035
0.049908
0.049684
0.040657
0.036778
0.030810
0.031257
0.032600
0.039687
0.033048
0.039165
0.034764
0.032749
0.045357
0.037897
0.025812
0.025961
0.022977
0.020142
0.019918
0.022529
0.019396
0.017606
0.022007
