334.425843
339.351697
344.727404
349.220273
353.294600
357.195409
360.102078
362.180045
365.220034
367.607767
370.650079
374.307479
379.448462
384.088589
390.553072
396.609820
403.751102
413.452019
419.789748
424.008201
423.122838
417.002359
401.949874
379.470682
352.898479
322.707155
294.240198
267.326110
243.383130
221.353892
201.816820
185.428413
170.517832
156.931055
144.895228
134.717593
126.311896
118.448264
112.254763
106.238011
100.564254
95.126230
89.929393
85.732049
81.834977
77.894374
73.968618
70.306370
66.655334
62.803712
59.615253
56.312564
53.058355
50.786671
47.905756
45.991409
43.664982
42.003336
39.943549
38.228776
36.644698
35.187273
33.877812
32.726517
31.316663
30.399384
28.954482
27.801571
26.733298
25.757439
24.715729
23.941768
22.746942
22.107715
21.117111
20.305376
19.510610
18.762909
18.006624
17.360832
16.471126
15.778066
15.103086
14.289331
13.701715
12.917554
12.248835
11.710507
10.924932
10.459828
9.976242
9.313482
8.662236
8.167439
7.547705
6.948171
6.377220
5.907874
5.489837
5.062911
4.813947
4.446611
4.082103
3.767489
3.488730
3.223404
2.955048
2.696590
2.532971
2.164827
2.080290
1.752849
1.565596
1.319157
1.164021
0.997372
0.828803
0.730430
0.616502
0.520956
0.420765
0.348651
0.293000
0.232299
0.197151
0.169982
0.145541
0.122614
0.088072
