293.983032
297.380873
300.600939
303.780981
307.396825
311.074501
315.405577
319.027991
323.719155
328.597643
334.191159
339.581369
346.257316
352.616518
360.505061
369.304760
378.996518
389.122115
401.418059
412.842870
425.968092
437.914174
448.955804
458.814569
467.775180
474.366946
479.521545
483.035194
484.552953
480.441099
473.062585
460.452200
441.713686
420.383380
396.033199
371.975180
347.631094
325.045391
302.880998
281.983990
260.458571
238.824727
216.605952
193.864010
173.124527
153.408554
135.553837
119.930959
105.019317
92.095302
80.892490
70.598396
61.751764
54.601276
49.040064
43.172740
39.157392
34.978424
32.015911
29.038432
26.642294
24.320856
22.408470
20.559947
18.904911
17.492666
16.239775
15.166284
14.105322
13.027632
12.159480
11.260175
10.415116
9.659047
8.868778
8.315812
7.668237
7.119200
6.579779
6.071308
5.532971
5.085317
4.643893
4.325387
3.813734
3.494009
3.103446
2.761711
2.481470
2.253985
1.988914
1.823533
1.561441
1.436355
1.249979
1.036040
0.894564
0.762638
0.632541
0.493707
0.394153
0.322907
0.261075
0.209267
0.158880
0.113031
0.090276
0.072668
0.053570
0.059123
0.047407
0.032914
0.038399
0.021401
0.034268
0.019843
0.015780
0.029866
0.023500
0.024651
0.030137
0.031018
0.027225
0.029054
0.024110
0.020520
0.016931
0.026006
0.042260
