302.657465
307.132285
311.425333
315.983157
321.293809
327.059852
332.650684
340.307886
348.093662
357.255093
366.803457
376.785389
387.014484
395.219852
402.064754
405.883729
407.989748
407.746864
405.513198
402.597517
399.463339
395.413176
390.248568
384.312592
377.739312
370.435597
360.866910
351.598014
341.408567
332.344119
322.725444
312.611087
302.301981
290.140294
277.101699
263.698421
249.273974
236.512064
224.287053
212.859938
203.662780
194.654097
185.748386
177.662534
169.095906
161.753540
153.584968
146.797400
140.296073
134.638494
130.110049
126.473559
122.056929
118.053617
112.519905
108.450772
102.906150
97.749814
92.813828
87.822720
83.311247
78.082959
72.639883
68.241223
63.126533
58.591670
53.991202
49.853611
45.725433
41.673629
38.611618
35.467671
32.856130
30.175845
27.410843
25.259327
22.952925
20.994376
18.840293
17.027075
15.456599
13.725816
12.332405
11.145795
9.866338
8.799814
7.838118
7.065752
6.387230
5.577497
5.077466
4.523096
4.117267
3.645761
3.154002
2.843800
2.402316
2.044978
1.676016
1.303346
1.054400
0.928965
0.668039
0.482845
0.319686
0.266060
0.155957
0.115381
0.059972
0.052128
0.028881
0.021821
0.013478
0.021607
0.020537
0.028382
0.016188
0.014191
0.022035
0.016972
0.017115
0.022320
0.009841
0.017186
0.011909
0.016758
0.023818
0.013834
0.019468
