288.115782
292.643346
297.499034
302.653789
307.687249
313.036595
319.035968
325.416730
331.891711
339.250967
346.666905
352.204484
358.165637
362.895244
366.225176
367.279770
368.376893
368.110783
365.675520
361.166828
354.757623
345.631934
333.961722
321.871217
308.907034
297.343484
286.552009
277.960592
269.724376
261.133027
253.516139
246.221974
238.943604
230.885774
224.011218
217.277717
210.787762
204.696495
199.622899
194.508554
190.079243
186.037406
181.481809
177.544515
173.602845
169.668832
165.961684
162.270124
158.349855
154.701781
151.654985
148.379069
144.940013
141.242095
137.907651
135.261182
132.510512
128.840900
126.501634
124.092900
121.326231
118.678326
116.138041
113.716522
111.454381
109.089133
107.069376
104.189412
102.171160
99.612414
97.854802
95.324432
92.761721
90.518998
87.909929
85.901728
83.558223
81.367669
79.559803
77.191888
75.021641
73.161332
70.865688
69.231833
67.522287
65.391834
63.370026
61.659729
59.196091
56.616218
53.960177
51.132860
48.106986
45.247465
42.555596
39.718023
37.127347
34.477733
32.324922
29.900530
27.459729
25.398470
22.895586
20.700178
18.799665
17.126426
15.334833
13.872731
12.338496
11.078644
9.779956
8.612134
7.511388
6.278612
5.426950
4.386099
3.533753
2.796070
2.249765
1.825712
1.417590
1.113533
0.866909
0.630678
0.508563
0.398550
0.260025
0.190831
0.155140
