302.333028
306.253794
311.408839
316.632424
322.285013
327.778981
333.083695
338.191742
343.757187
349.461252
355.023900
359.727000
363.989068
368.305267
369.704042
371.751989
371.866548
371.910750
372.379619
373.419748
373.545638
372.935492
371.370123
368.149024
361.997912
354.886120
346.942897
339.047652
330.905104
325.355744
318.465099
311.956739
305.029027
296.093373
285.883155
275.467457
265.222270
257.715745
251.273967
246.244112
240.646774
233.528409
225.796121
217.054337
209.044672
202.184101
195.194143
189.409510
183.905330
178.187838
171.271176
162.455117
153.322236
143.091177
131.900138
121.614387
110.560428
100.094934
89.311638
78.458404
68.052917
57.737652
48.525460
40.857376
34.360486
29.106688
24.742510
21.128775
17.742201
15.026200
12.232706
10.220009
8.589877
7.078081
6.102715
5.113781
4.593017
4.003574
3.558623
3.150880
2.809020
2.587594
2.326163
2.133551
1.895480
1.626635
1.424093
1.233020
1.052298
0.881788
0.705262
0.565804
0.429844
0.379907
0.268145
0.190933
0.153446
0.107146
0.075814
0.062945
0.047279
0.071338
0.039585
0.024059
0.028675
0.023639
0.040984
0.023499
0.023919
0.031612
0.023220
0.020702
0.023499
0.016086
0.027276
0.014967
0.024618
0.017205
0.024479
0.017904
0.025737
0.011470
0.017205
0.010631
0.013009
0.013009
0.010351
0.010491
0.012309
