306.917786
311.964810
316.314933
320.602461
324.087252
326.036535
328.101649
330.443368
332.973862
334.783779
336.756525
338.632013
339.846186
340.956578
341.825950
343.513584
343.779344
343.635725
344.326388
343.583905
342.085826
339.140919
334.992332
328.940610
322.965376
316.936835
312.219937
307.378418
303.022340
299.701018
295.188136
291.073716
285.267197
279.724877
273.728306
268.592034
265.468560
262.959757
261.084411
260.468322
257.888631
255.851235
253.041583
248.899446
243.995758
239.599983
234.578550
229.017657
222.681957
214.528473
205.658592
196.040487
185.346371
173.034516
161.158339
148.260452
135.781017
122.606525
110.225766
99.101855
88.707312
79.320161
70.369468
63.441922
56.885335
51.603459
46.251545
41.769924
37.173182
33.472537
29.985052
26.435115
23.896468
21.080933
18.870073
16.749737
15.380532
13.737983
12.395999
11.193382
10.097663
9.049582
8.209770
7.282411
6.571828
5.695225
5.070204
4.443270
3.678883
3.010904
2.353061
1.842879
1.370835
0.961173
0.613324
0.413065
0.272707
0.170061
0.081663
0.061318
0.042958
0.037783
0.034948
0.034026
0.036791
0.025094
0.032821
0.030907
0.029631
0.025732
0.025520
0.027575
0.023535
0.019494
0.020416
0.027434
0.022613
0.020841
0.019849
0.023322
0.016871
0.018573
0.016942
0.020203
0.022401
0.018076
0.009641
0.019920
0.019352
