329.752065
335.834692
342.730066
350.246345
357.668977
364.690463
372.699628
381.279586
389.319003
396.940487
404.496549
412.322911
416.504886
422.147383
426.959978
432.427050
437.360038
442.891303
445.800233
445.177546
441.600119
432.557096
421.002232
406.229031
389.000004
368.946347
345.223523
318.164858
288.935610
256.630124
226.873002
197.269785
172.955202
152.425444
135.156326
122.188041
110.764699
101.122108
93.236841
86.221258
79.686572
73.589680
68.402316
63.836410
59.876406
56.506625
53.203250
50.554905
47.405312
45.293756
42.773552
40.200592
38.155321
35.974837
34.121962
32.128586
30.474869
28.915291
27.640955
25.982995
24.593800
23.486956
22.235063
21.059968
20.293522
19.163436
18.343864
17.595065
16.538026
16.009108
15.244506
14.581605
13.769227
12.979600
12.486405
11.895999
11.242936
10.670422
10.228878
9.603177
8.977415
8.700412
8.129190
7.776987
7.285023
6.977645
6.596789
6.163176
5.834585
5.569572
5.267113
5.074595
4.519544
4.349776
4.056601
3.930736
3.527314
3.231004
2.952771
2.661503
2.412477
2.140516
1.973392
1.666137
1.552692
1.361895
1.270893
1.082248
0.981162
0.848840
0.793255
0.677473
0.611374
0.576941
0.430907
0.402069
0.362164
0.310206
0.255974
0.237958
0.192273
0.143943
0.105206
0.103238
0.084546
0.073109
0.048391
0.047407
0.035540
