298.124211
301.373782
305.088011
309.268957
313.655980
318.110891
323.406750
329.021474
334.362412
341.005915
348.368723
357.102162
364.952616
375.041750
384.656118
395.197567
405.397790
416.524200
426.728358
434.567542
442.933011
447.390337
448.907388
446.860742
440.894236
430.023635
417.025531
399.345687
380.217664
361.361550
342.143904
324.809670
309.178529
295.318011
282.764710
272.376745
263.495545
256.008948
250.209344
244.601506
240.144807
233.757380
225.213740
215.006719
201.200493
186.731134
169.658075
152.619630
136.286537
121.154401
108.438402
97.766096
88.822644
81.415204
75.466050
70.373854
66.324927
61.913218
58.113927
54.947271
51.555395
48.475588
45.221098
42.137266
39.138853
36.175322
33.298820
30.506127
27.745096
25.228515
22.429739
19.486870
16.464933
13.961768
11.834355
9.860785
7.966372
6.328573
4.969032
3.727199
2.904677
2.202009
1.665348
1.377251
1.190761
1.075379
0.899801
0.841842
0.780931
0.686658
0.660361
0.609199
0.584245
0.481653
0.473514
0.433085
0.421368
0.357595
0.346415
0.314573
0.299188
0.261801
0.231659
0.241229
0.209119
0.204289
0.170748
0.191230
0.161893
0.163324
0.148297
0.153574
0.112520
0.123253
0.121017
0.110015
0.092663
0.082020
0.084971
0.068424
0.076027
0.061537
0.043648
0.050983
0.055366
0.049104
0.044453
0.039266
0.040250
