332.103599
337.241884
343.144278
349.791353
356.649828
364.110790
372.538690
382.410674
392.128537
403.906756
415.840025
428.922777
442.182933
457.829257
473.607919
490.787173
508.102479
526.112474
540.587604
553.684640
559.284861
557.642161
544.852797
519.897982
486.294155
442.969609
394.328516
343.312254
291.663652
244.054773
202.290367
166.532483
137.980239
115.010077
96.890382
81.749916
69.340785
59.258830
50.093605
42.185062
35.582337
29.778716
24.978669
20.967084
17.506708
14.667960
12.101246
9.806350
7.896616
6.189425
5.148498
4.089717
3.423381
3.004939
2.633634
2.417735
2.163271
2.082210
1.835959
1.750828
1.603777
1.462582
1.360025
1.235471
1.175265
1.039570
0.954367
0.845525
0.725113
0.643125
0.649124
0.541496
0.486861
0.431654
0.369806
0.308886
0.265963
0.253608
0.212399
0.168191
0.164334
0.150408
0.108699
0.087488
0.082774
0.067991
0.069705
0.044779
0.044280
0.042351
0.032638
0.036138
0.031281
0.017569
0.023711
0.022997
0.018569
0.025496
0.015855
0.017426
0.016355
0.013570
0.017855
0.013784
0.020711
0.020497
0.012998
0.012641
0.014498
0.011927
0.016212
0.012141
0.011927
0.009642
0.006285
0.011356
0.009856
0.010070
0.010641
0.011284
0.010141
0.009213
0.008070
0.007999
0.009642
0.008713
0.012784
0.010070
0.008070
