304.435666
308.834589
313.688217
318.824558
324.535760
330.042247
335.216480
341.688066
346.646512
352.924700
358.285277
364.833139
372.040175
378.123408
385.962962
391.277445
397.733284
401.843997
406.933589
409.834874
410.716561
406.534738
396.377946
381.778104
361.416129
337.563327
314.253399
292.053249
272.014750
254.808969
239.665926
226.715292
214.102569
202.699111
193.311396
183.857657
175.360323
167.420379
160.796569
155.079216
149.956572
144.892815
140.097748
135.886481
131.768960
127.839751
124.123787
120.298822
116.614353
113.103023
109.344000
106.123585
102.452977
99.252493
95.917090
93.389559
90.537895
88.116904
85.859210
83.259094
80.887396
78.591482
75.909758
73.996373
71.896809
70.099479
67.926755
66.082347
64.217927
62.613010
60.710287
58.921815
57.550484
55.730845
54.280121
52.346232
51.006887
49.205948
48.083786
46.476982
45.123120
43.628763
42.143345
40.979272
39.467362
38.118668
36.661054
35.293003
33.807831
32.224321
30.734966
29.291788
27.539977
25.945394
23.995676
22.388380
20.698083
19.195196
17.576090
16.328522
15.205950
14.136525
13.097446
12.153261
11.181026
10.361426
9.230160
8.614291
7.884008
7.192929
6.587722
5.994162
5.246245
4.595519
3.903620
3.417830
2.915802
2.345288
2.000159
1.686196
1.364852
1.096245
0.907031
0.700347
0.552962
0.427475
0.325937
0.254008
0.194627
