297.055978
300.669606
304.330449
308.413104
312.658247
316.956985
322.074536
326.941623
332.410236
338.237710
345.799723
353.031161
361.125367
369.243748
380.068609
389.413439
399.530505
407.868157
415.546009
420.652501
424.399833
426.005772
425.330516
425.138042
423.845521
422.065469
419.805897
417.510312
412.158175
406.408116
399.524195
391.588931
382.747017
372.303630
359.915578
344.979987
326.718239
304.923894
280.080441
254.365218
228.492258
203.587199
181.959807
163.268447
147.286476
134.331989
123.128984
113.656051
105.699732
98.967380
93.159118
87.530003
82.539633
77.285046
72.990774
68.527281
64.323895
60.649512
56.667382
53.234248
50.184290
47.423788
44.271319
41.636794
39.008508
36.828052
34.665391
32.653023
30.611660
28.728033
26.951242
25.483545
23.840317
22.335968
21.072797
19.799204
18.697598
17.504682
16.397050
15.369315
14.360011
13.526381
12.568404
11.701099
10.909650
10.088355
9.277623
8.386994
7.501399
6.789846
6.045186
5.321865
4.593014
3.910315
3.206064
2.525846
2.146072
1.594667
1.147119
0.834623
0.625418
0.440104
0.268188
0.160856
0.101093
0.077132
0.053453
0.034667
0.025805
0.034950
0.037077
0.029775
0.028995
0.026798
0.023040
0.026939
0.015526
0.020346
0.028499
0.021693
0.017936
0.026585
0.016802
0.025451
0.029350
0.029066
0.020772
0.024813
0.024458
