341.876807
348.224562
354.891269
362.881053
371.351886
380.075611
390.035163
401.404548
413.518648
426.237903
439.185598
452.471876
465.789129
480.398485
494.377099
508.059940
522.568366
534.401789
543.890074
549.475113
545.841911
530.824155
505.953164
466.417532
417.432456
363.306887
308.454537
256.128913
210.840545
172.405009
141.964573
116.941478
98.609188
83.219324
71.896009
62.580524
54.340045
47.347300
40.736304
35.313293
29.964278
25.759729
21.953939
18.897825
16.409301
14.414726
12.714152
11.460889
10.132495
9.152466
8.385354
7.682812
7.185036
6.642041
6.350307
5.825527
5.583833
5.251274
4.983639
4.651789
4.432280
4.187042
3.871423
3.574870
3.329136
3.146271
2.971911
2.796559
2.626665
2.367535
2.269015
2.147459
2.003294
1.823405
1.746999
1.592910
1.402816
1.272613
1.094213
1.005120
0.912128
0.798156
0.697510
0.615929
0.558305
0.463045
0.373598
0.309949
0.243891
0.179392
0.148985
0.136724
0.120634
0.098946
0.084770
0.064286
0.049473
0.059750
0.041180
0.027713
0.035935
0.020767
0.019208
0.017082
0.011411
0.015310
0.014459
0.014813
0.014317
0.020767
0.014884
0.015522
0.016018
0.017861
0.007938
0.011978
0.009852
0.009072
0.010206
0.010703
0.013609
0.014813
0.013892
0.009427
0.010915
0.011624
0.011340
0.007655
0.006308
