305.725987
311.837121
317.720418
323.108136
327.562746
330.115471
332.133563
332.918530
332.732066
332.142437
331.742662
329.364926
327.279518
323.786844
319.578328
314.565119
309.459498
305.152013
301.419294
296.543770
292.963658
288.089152
282.295046
276.109360
268.555465
261.431583
253.032977
245.440421
237.026781
229.761200
223.410981
217.842790
212.691896
208.130574
203.987397
200.110774
196.472049
192.936701
189.964588
186.047156
182.814254
179.597743
176.785754
173.438339
170.641216
168.123194
165.398983
162.619550
160.167602
157.512855
154.708780
152.266101
150.121967
147.664084
144.974238
142.245109
140.142858
137.347769
134.989872
133.173166
130.086314
127.533362
124.941467
122.148922
119.547644
116.268564
113.953680
111.520440
108.412449
105.671112
103.353402
100.410623
98.100656
96.010218
93.471509
91.275037
89.364732
87.189285
85.124281
83.469113
80.718506
78.247454
75.829757
73.263693
70.367600
67.679789
64.991468
62.261266
59.313626
56.586476
53.616906
50.684301
47.797308
44.184583
40.909346
37.257565
33.568931
30.128031
26.291086
23.495940
20.221438
17.581387
15.556965
13.579513
11.629812
10.155851
8.670586
7.356580
6.067782
5.010270
3.951514
3.107030
2.450818
1.897023
1.311123
1.001161
0.696794
0.448383
0.359814
0.237163
0.161086
0.123216
0.105638
0.093430
0.075512
0.073873
0.060873
0.050247
0.052621
