307.492836
310.341624
312.527048
315.110998
316.631094
317.743250
319.721961
319.828142
320.563384
320.936204
321.526134
321.333502
322.589333
321.984504
320.691178
319.394414
316.075712
311.727377
304.512735
295.055279
285.291889
273.726865
262.053286
250.730258
241.235472
232.301061
225.448923
219.357897
214.628883
210.943093
206.979776
203.691037
200.018264
196.466407
193.285242
190.247097
187.191514
184.471666
181.751490
178.962792
176.716050
174.291739
172.258587
170.092647
167.272921
164.802684
162.763964
160.705760
158.042645
155.396477
153.015965
150.484328
147.782081
145.058630
142.043244
139.516027
136.492291
133.961718
130.853250
127.919730
124.949616
121.981221
119.280612
116.647051
113.359868
110.948165
108.421112
105.406545
103.374947
101.403194
98.952441
97.241433
95.205333
93.211967
91.332232
89.320692
87.675259
85.946731
83.299253
81.374901
79.201429
77.238599
75.366887
73.373358
71.289202
68.882903
66.300508
63.566824
60.577554
57.382716
53.506750
49.044375
44.676064
40.123554
35.898428
31.383495
27.240726
23.306553
20.189489
17.313603
14.799076
12.882992
10.967563
9.541368
7.933839
6.520661
5.183537
3.909859
2.799177
1.823657
1.197951
0.738517
0.453458
0.285714
0.190421
0.130249
0.111911
0.091281
0.057143
0.057225
0.062382
0.046991
0.039378
0.035694
0.050921
0.041997
0.036349
0.034793
0.035694
