308.466418
312.471961
316.907256
321.343571
326.774240
332.062451
338.476673
344.242462
351.673389
360.092828
368.405067
377.150047
387.513902
397.282177
408.004725
417.701737
426.146992
435.589657
444.050672
451.109863
458.786101
463.758281
467.947722
467.596977
463.398569
456.396104
445.293191
434.141977
419.720066
404.614396
389.536035
372.362716
352.564279
330.865923
305.123030
278.877559
251.851319
223.972436
199.606163
175.158574
152.207238
131.281227
111.759963
95.335755
81.959625
71.398285
62.136528
54.889839
48.702245
43.471235
39.144771
35.464837
32.185104
29.528804
26.964148
24.955738
23.169066
21.369010
19.969767
18.658431
17.537515
16.484125
15.104447
14.430947
13.492502
12.527359
11.654879
11.057532
10.283964
9.683765
9.088524
8.515023
8.061357
7.535682
7.103619
6.574751
6.243435
5.770748
5.424147
5.034476
4.561925
4.231832
3.854253
3.636999
3.276132
2.883880
2.569344
2.241900
1.928044
1.651823
1.332396
1.037561
0.810524
0.626286
0.463584
0.414196
0.268884
0.196262
0.143070
0.088790
0.069225
0.045312
0.037092
0.028532
0.026494
0.027989
0.025272
0.018750
0.023098
0.021263
0.010598
0.026019
0.019769
0.015761
0.009103
0.013994
0.016168
0.013179
0.024660
0.011005
0.015693
0.013247
0.012092
0.013859
0.017391
0.015693
0.012432
0.012908
0.011209
