325.154129
329.670388
335.605427
342.148050
349.005101
356.118178
364.562217
373.088595
382.942545
393.315903
404.434989
415.664892
428.287186
440.981364
453.752256
466.496111
477.603949
485.554537
488.891532
486.138041
479.255395
467.657206
450.069038
433.479164
418.470872
402.447558
387.930625
372.263557
355.053192
336.446110
314.091714
289.808288
265.167246
238.638560
212.112758
186.881148
162.364478
139.362482
118.679863
99.712499
83.180449
69.117312
56.953356
46.834944
38.188088
31.114089
25.117405
19.998464
15.962101
12.846525
10.734505
8.974261
7.801991
6.890938
6.112332
5.460550
4.770915
4.375592
3.924968
3.483501
3.031508
2.701940
2.420318
2.101060
1.832921
1.722969
1.503785
1.295994
1.132183
1.029873
0.935495
0.800091
0.710543
0.650124
0.577303
0.550770
0.473479
0.419693
0.368502
0.358192
0.307001
0.280036
0.231585
0.213415
0.185296
0.157466
0.140811
0.141099
0.111034
0.121056
0.087890
0.086808
0.067846
0.062871
0.054291
0.068567
0.045928
0.045567
0.048379
0.037780
0.042539
0.040376
0.028912
0.042539
0.028984
0.048812
0.030138
0.031436
0.023937
0.019539
0.032445
0.024153
0.020693
0.029200
0.020116
0.028119
0.020981
0.026965
0.023577
0.019683
0.023865
0.012834
0.016367
0.017737
0.010527
0.017664
0.019755
0.014059
0.014925
