375.334429
383.820999
391.849791
400.379573
408.688386
416.352665
424.575576
432.686477
443.093115
453.176741
465.670790
477.201086
488.954508
494.769301
493.956233
484.826095
463.271747
432.294669
397.035148
357.022538
320.942287
289.391108
263.710876
241.298090
222.528346
204.597775
189.366277
172.479783
157.120880
141.934081
127.529336
113.945321
101.092486
89.346725
78.581600
69.050357
61.459710
54.698493
49.266434
45.284168
41.876078
38.567353
35.947640
33.303531
31.073468
29.050614
27.467838
25.924703
24.360223
22.889009
21.578223
20.258511
19.088665
18.028895
16.864627
16.038915
14.922544
14.027291
13.316117
12.808507
11.841705
11.146298
10.562528
9.997723
9.283871
8.711555
8.076986
7.694698
7.037818
6.557875
6.059562
5.620823
5.120800
4.733677
4.234620
3.790899
3.298238
2.851318
2.336122
2.030514
1.689058
1.405838
1.102536
0.855909
0.649964
0.535203
0.415162
0.296310
0.225505
0.144883
0.098547
0.058013
0.042171
0.030196
0.023949
0.020304
0.014652
0.013983
0.011603
0.007363
0.010264
0.010561
0.010933
0.008776
0.009594
0.006322
0.004983
0.005058
0.005950
0.005429
0.005876
0.008033
0.005355
0.006619
0.009892
0.005355
0.005653
0.005206
0.006173
0.006248
0.005801
0.006545
0.008330
0.005504
0.007512
0.006248
0.005132
0.005206
0.006248
