357.883127
364.783789
371.773679
377.885574
383.578588
387.783294
390.112608
392.800778
394.282921
395.881546
398.288732
402.280266
405.949609
409.616357
412.203294
412.470651
410.563137
404.349361
397.623260
388.429947
379.187316
370.645848
359.680972
348.106107
332.078971
312.929535
288.684096
262.946455
236.065409
209.404023
185.961952
165.428685
148.881761
134.686214
123.060409
113.876505
106.107582
99.521648
93.626818
88.447752
83.711253
78.868979
74.888152
70.740227
66.438507
62.685128
59.130319
55.643000
52.278651
49.489898
46.128469
43.358211
40.571080
38.245335
36.038668
33.682748
31.560765
29.884593
28.241516
26.716868
25.073143
23.800926
22.707813
21.207500
20.075126
18.943402
17.947303
16.731543
15.973924
14.822408
14.174132
13.260446
12.380180
11.571296
10.796480
9.715372
8.665413
7.769248
6.835770
6.042784
5.264400
4.591465
3.852015
3.299781
2.614517
2.013937
1.609008
1.192723
0.847820
0.559697
0.378323
0.228421
0.160609
0.103828
0.044776
0.031148
0.023037
0.018494
0.023361
0.015899
0.016548
0.009734
0.012005
0.011032
0.016872
0.009734
0.013303
0.013627
0.009409
0.016872
0.010058
0.011681
0.014601
0.009409
0.012330
0.011681
0.020766
0.029526
0.024010
0.010707
0.013952
0.010383
0.014601
0.010383
0.010058
0.007138
0.004542
0.004867
0.004867
