318.781808
323.640672
328.414658
333.829661
339.326129
345.800238
352.370779
359.761743
367.696111
376.595583
386.066226
398.162577
409.182755
423.152794
437.449938
453.263336
469.543597
486.171969
502.315427
515.232267
526.746288
532.774410
532.152692
523.870671
505.801077
478.367511
444.127348
404.850753
363.459227
320.961726
281.096563
245.951230
216.126897
190.600037
169.400586
150.869708
135.675468
122.877312
111.661645
101.962101
93.391573
85.437315
78.253393
71.085489
63.896644
56.922718
49.700723
43.155521
37.075606
31.794911
27.280089
23.708576
20.613051
18.518536
16.901322
15.525679
14.523880
13.491754
12.514703
11.571525
10.698324
10.057897
9.326947
8.513942
7.896097
7.154579
6.485269
5.986634
5.513864
5.003019
4.422920
3.883520
3.324099
2.788769
2.335429
1.931651
1.596208
1.207725
1.031273
0.717821
0.517146
0.411984
0.283715
0.219383
0.167590
0.125315
0.101355
0.096497
0.087832
0.074769
0.071552
0.062559
0.049758
0.057504
0.053763
0.052056
0.054616
0.046607
0.034660
0.037680
0.054157
0.041553
0.038927
0.036039
0.037220
0.043785
0.034266
0.046739
0.025864
0.039255
0.034529
0.025601
0.030328
0.031509
0.022253
0.029015
0.020415
0.018315
0.017396
0.016739
0.014048
0.020415
0.018446
0.020875
0.013326
0.018380
0.012735
0.017724
0.012079
