331.600862
337.930455
344.440476
351.348186
358.762803
367.878381
377.569617
387.784117
399.643679
412.045876
425.793776
440.091136
454.114043
467.698488
478.442217
486.068685
489.230653
488.126934
481.375299
470.370645
451.702319
432.270158
408.483082
384.361225
360.924057
340.137031
321.575215
305.908107
292.707577
277.002650
261.641543
243.671557
224.952743
205.249573
185.957068
166.596550
147.142866
127.608562
110.038296
91.683534
74.568150
59.641999
46.569073
36.238285
28.605175
22.898284
18.983367
16.025749
13.790454
12.419293
10.932520
9.622177
8.691445
7.768523
6.984641
6.241163
5.677865
5.083328
4.535036
4.150444
3.697223
3.416312
2.945012
2.664778
2.436015
2.132351
1.893196
1.647214
1.511556
1.232244
1.121245
0.998684
0.843224
0.774595
0.678171
0.605114
0.541344
0.500142
0.473637
0.473330
0.406730
0.366082
0.337302
0.351261
0.299052
0.276237
0.248011
0.235527
0.209330
0.211605
0.180796
0.176307
0.157982
0.155522
0.138303
0.122868
0.127726
0.112721
0.110876
0.094580
0.088492
0.071335
0.080928
0.065616
0.075578
0.054177
0.056391
0.052517
0.052333
0.042801
0.049504
0.045076
0.040218
0.037020
0.040648
0.025890
0.032777
0.034745
0.016604
0.027427
0.027611
0.026935
0.024660
0.016542
0.020724
0.024352
0.017034
0.017834
0.018018
