337.228053
343.919608
351.105954
358.469792
365.659153
373.480852
381.325915
389.768270
398.802265
408.611420
419.425985
430.886832
443.010918
454.833531
465.626993
474.550573
478.122267
475.922272
467.541719
454.078343
438.032856
421.033963
406.085082
389.108046
372.590378
354.717969
334.804593
310.874098
287.118834
261.696428
236.246136
211.403687
187.580592
164.079318
142.455086
121.780492
104.317709
90.168860
77.688660
68.358092
61.183805
54.928254
49.454648
45.141333
41.143056
37.779756
34.875070
32.181415
29.690500
27.645011
25.962795
24.220662
22.502647
21.052942
19.624340
18.258293
17.170732
16.215819
15.294444
14.069336
13.485233
12.528812
11.821483
11.146185
10.587707
9.952731
9.366368
8.837284
8.246398
7.656643
7.259453
6.845682
6.310192
5.994400
5.500739
4.995396
4.542434
4.037845
3.666280
3.198998
2.762240
2.424214
2.079405
1.696159
1.413528
1.139188
0.861080
0.645151
0.489892
0.341417
0.249845
0.149606
0.102124
0.075368
0.061048
0.049743
0.024871
0.020726
0.018465
0.026002
0.013189
0.019596
0.024118
0.013189
0.020726
0.015450
0.012813
0.028263
0.016204
0.029770
0.018842
0.011305
0.029017
0.008667
0.016204
0.018088
0.008290
0.017335
0.006029
0.013566
0.007160
0.011682
0.013943
0.009421
0.007914
0.010928
0.011682
0.009798
0.013189
