299.835437
303.820402
307.284752
311.270136
315.872347
320.316447
325.332349
330.345030
336.092034
342.528197
349.675925
357.987563
366.977646
377.549461
388.693218
400.954739
414.078094
426.490864
437.359503
446.180482
450.954948
453.480859
450.585440
444.960345
437.860792
428.822043
418.976989
408.330670
396.965783
385.592424
372.594339
358.277385
342.687987
327.040261
311.923794
296.017616
280.695423
264.844703
248.687215
231.315892
213.704813
195.562475
178.477963
163.310939
149.793359
137.940558
127.772561
118.633470
110.169744
102.804527
96.119785
89.796148
83.976951
78.853285
74.119293
69.810896
65.946229
61.718357
58.099819
54.614953
51.448128
48.371772
45.648327
42.603411
40.269010
37.640236
35.522414
33.381344
31.338656
29.245902
27.441639
25.652221
24.034708
22.436030
21.068146
19.661190
18.237778
17.052652
15.822852
14.448315
13.429702
12.252068
11.261114
10.240120
9.179703
8.227401
7.286933
6.571796
5.738181
5.104970
4.486254
4.015214
3.369469
2.991349
2.667707
2.234199
1.893121
1.565417
1.238483
0.993265
0.829693
0.667522
0.527617
0.401577
0.293113
0.232824
0.164342
0.120928
0.092569
0.073453
0.042363
0.048035
0.037742
0.027379
0.023527
0.020306
0.021147
0.019186
0.021427
0.024158
0.016945
0.017786
0.014215
0.020446
0.014004
0.015615
0.016875
0.014495
0.021777
