322.860893
327.836372
333.719202
339.753223
346.024675
353.191273
360.541946
368.844445
378.015039
387.448354
398.773660
411.284902
425.374363
440.405753
455.836205
470.953021
482.691764
489.159154
489.685747
483.222899
471.225301
455.756677
440.583792
423.860214
411.056420
399.100518
387.619003
375.144576
362.627571
347.985618
331.696358
313.043635
290.499330
263.815709
233.996871
203.091218
171.877217
143.495712
117.994229
95.960043
78.028901
63.045175
49.818859
38.692203
29.675173
22.639222
16.711239
12.447850
9.692577
7.690073
6.413490
5.619635
5.025786
4.612688
4.307051
3.991380
3.617402
3.468516
3.154201
2.957110
2.766935
2.617371
2.401093
2.278174
2.112067
2.094032
1.995521
1.761208
1.720664
1.669205
1.553744
1.381535
1.316042
1.247158
1.154002
1.065051
0.944369
0.847823
0.768770
0.700293
0.614663
0.573713
0.477235
0.389300
0.337095
0.279873
0.232956
0.173768
0.143869
0.086986
0.073155
0.060476
0.056137
0.044001
0.044137
0.027865
0.022035
0.022984
0.031662
0.022577
0.038035
0.029696
0.032815
0.031187
0.032815
0.025560
0.029086
0.033832
0.029492
0.027797
0.028272
0.020746
0.022780
0.018645
0.025425
0.030509
0.012339
0.022577
0.015458
0.019865
0.025899
0.010373
0.014780
0.018034
0.017356
0.018034
0.016136
0.016678
0.019797
